12           1765475204   386362640    100794379    0            
15           1765475204   386362641    1000000      0            
2021         1765475204   386363436    24           27567776     
2021         1765475204   386366232    25880        27567808     
2100         1765475204   386366280    1            17039424     
2107         1765475204   386724987    1            17039424     
2007         1765475205   386748806    1765475204   0            
15           1765475205   386748806    1000000      0            
2021         1765475205   386749515    20           27567776     
1012         1765475205   386763769    4294967295   1130000      
2001         1765475205   386763769    1070000      1130000      
2002         1765475205   386763770    500          0            
2003         1765475205   386763770    4294967295   0            
2004         1765475205   386763771    1            0            
1000         1765475205   386763778    0            0            
1205         1765475205   386763781    33700        0            
1217         1765475205   386763899    31           0            
1218         1765475205   386763899    0            0            
1203         1765475205   386802882    4294966659   988          
1201         1765475205   386802883    10           0            
2021         1765475205   386807974    28           27567776     
1203         1765475205   386889583    4294966659   988          
1013         1765475205   386889584    0            0            
1014         1765475206   387927788    0            0            
1203         1765475206   387967968    4294966658   1000         
1125         1765475206   387967969    23           0            
1117         1765475206   387968119    3150         0            
1118         1765475206   387987334    3564         0            
1119         1765475206   388015253    0            0            
1120         1765475206   388044908    4294939896   4294964235   
1121         1765475206   388074562    0            0            
1122         1765475206   388104215    4294939896   4294964235   
1124         1765475206   388104217    0            0            
1123         1765475206   388382334    0            0            
1100         1765475206   388444267    28876        0            
1101         1765475206   388444267    0            21848        
1115         1765475206   388444268    645132       1487889820   
1116         1765475206   388444269    29           2264139298   
1203         1765475206   388483435    4294966658   985          
1201         1765475206   388483436    10           0            
1204         1765475207   389569927    11542        10           
1202         1765475207   389569928    11542        0            
1203         1765475207   389666202    4294966655   999          
1125         1765475207   389666203    23           0            
1126         1765475207   389666204    0            0            
1126         1765475207   389666205    1            0            
1108         1765475207   389666206    104          0            
1217         1765475207   389666210    31           0            
1218         1765475207   389666210    0            0            
1215         1765475207   389666213    1130000      1            
1217         1765475207   389724898    31           0            
1218         1765475207   389724899    0            0            
1001         1765475207   389724902    1            0            
1002         1765475208   390020718    0            0            
2021         1765475208   390023443    13592        27567824     
1018         1765475208   390150477    120          0            
1003         1765475208   390150478    0            0            
1201         1765475208   390150479    10           0            
2021         1765475208   390203936    28           27567776     
1203         1765475208   390237019    4294966656   947          
1013         1765475208   390237019    0            0            
1014         1765475209   391261123    0            0            
1203         1765475209   391301304    4294966655   1000         
1125         1765475209   391301305    23           0            
1117         1765475209   391301454    3100         0            
1118         1765475209   391320664    3573         0            
1119         1765475209   391338352    0            0            
1120         1765475209   391367989    4294939896   4294964235   
1121         1765475209   391397644    0            0            
1122         1765475209   391427297    4294939896   4294964235   
1123         1765475209   391427300    0            0            
1100         1765475209   391489240    28896        0            
1101         1765475209   391489241    0            22396        
1115         1765475209   391489241    633011       2524611358   
1116         1765475209   391489242    28           1135132436   
1203         1765475209   391528365    4294966657   996          
1201         1765475209   391528366    10           0            
1204         1765475210   392650631    11535        10           
1202         1765475210   392650632    11535        0            
1203         1765475210   392748062    4294966655   1000         
1125         1765475210   392748063    23           0            
1124         1765475210   392748064    1            0            
1215         1765475211   393028800    1130000      0            
1217         1765475211   393070622    31           0            
1218         1765475211   393070622    0            0            
1007         1765475211   393070625    0            0            
1008         1765475211   393366444    0            0            
1009         1765475211   393366448    1129500      0            
1215         1765475211   393366449    1129500      0            
1010         1765475211   393366460    0            0            
2021         1765475211   393417196    13596        27567824     
1018         1765475211   393433354    119          0            
1217         1765475211   393433366    31           0            
1218         1765475211   393433366    0            0            
1007         1765475211   393433369    0            0            
2021         1765475211   393477049    28           27567776     
1008         1765475211   393729062    0            0            
1009         1765475211   393729067    1129000      0            
1215         1765475211   393729067    1129000      0            
1010         1765475211   393729078    0            0            
2021         1765475211   393785891    13596        27567824     
1018         1765475212   393938418    118          0            
1217         1765475212   393938430    31           0            
1218         1765475212   393938431    0            0            
1007         1765475212   393938433    0            0            
2021         1765475212   393993810    28           27567776     
1008         1765475212   394234119    0            0            
1009         1765475212   394234123    1128500      0            
1215         1765475212   394234123    1128500      0            
1010         1765475212   394234135    0            0            
2021         1765475212   394282245    13596        27567824     
1018         1765475212   394443461    117          0            
1217         1765475212   394443473    31           0            
1218         1765475212   394443474    0            0            
1007         1765475212   394443477    0            0            
2021         1765475212   394571100    28           27567776     
1008         1765475212   394739159    0            0            
1009         1765475212   394739164    1128000      0            
1215         1765475212   394739164    1128000      0            
1010         1765475212   394739175    0            0            
2021         1765475212   394782408    13596        27567824     
1018         1765475213   394948506    116          0            
1217         1765475213   394948517    31           0            
1218         1765475213   394948518    0            0            
1007         1765475213   394948521    0            0            
2021         1765475213   395087329    28           27567776     
1008         1765475213   395244209    0            0            
1009         1765475213   395244213    1127500      0            
1215         1765475213   395244214    1127500      0            
1010         1765475213   395244225    0            0            
2021         1765475213   395488657    13596        27567824     
1018         1765475213   395706081    115          0            
1217         1765475213   395706093    31           0            
1218         1765475213   395706093    0            0            
1007         1765475213   395706096    0            0            
2021         1765475213   395793642    28           27567776     
1008         1765475214   396001784    0            0            
1009         1765475214   396001788    1127000      0            
1215         1765475214   396001789    1127000      0            
1010         1765475214   396001800    0            0            
2021         1765475214   396202408    13596        27567824     
1018         1765475214   396211135    114          0            
1217         1765475214   396211147    31           0            
1218         1765475214   396211148    0            0            
1007         1765475214   396211151    0            0            
2021         1765475214   396391249    28           27567776     
1008         1765475214   396507132    0            0            
1009         1765475214   396507136    1126500      0            
1215         1765475214   396507137    1126500      0            
1010         1765475214   396507148    0            0            
2021         1765475214   396602060    13596        27567824     
1018         1765475214   396716149    113          0            
1217         1765475214   396716161    31           0            
1218         1765475214   396716161    0            0            
1007         1765475214   396716164    0            0            
2021         1765475215   396891961    28           27567776     
1008         1765475215   397011857    0            0            
1009         1765475215   397011862    1126000      0            
1215         1765475215   397011862    1126000      0            
1010         1765475215   397011873    0            0            
2021         1765475215   397014007    13596        27567824     
1018         1765475215   397221347    112          0            
1217         1765475215   397221359    31           0            
1218         1765475215   397221360    0            0            
1007         1765475215   397221362    0            0            
2021         1765475215   397409046    28           27567776     
1008         1765475215   397517342    0            0            
1009         1765475215   397517346    1125500      0            
1215         1765475215   397517347    1125500      0            
1010         1765475215   397517358    0            0            
2021         1765475215   397603616    13596        27567824     
1018         1765475215   397726310    111          0            
1217         1765475215   397726321    31           0            
1218         1765475215   397726322    0            0            
1007         1765475215   397726325    0            0            
2021         1765475215   397812664    28           27567776     
1008         1765475216   398022011    0            0            
1009         1765475216   398022015    1125000      0            
1215         1765475216   398022015    1125000      0            
1010         1765475216   398022026    0            0            
2021         1765475216   398111194    13596        27567824     
1018         1765475216   398231321    110          0            
1217         1765475216   398231333    31           0            
1218         1765475216   398231333    0            0            
1007         1765475216   398231336    0            0            
2021         1765475216   398413326    28           27567776     
1008         1765475216   398527313    0            0            
1009         1765475216   398527317    1124500      0            
1215         1765475216   398527317    1124500      0            
1010         1765475216   398527328    0            0            
2021         1765475216   398621961    13596        27567824     
1018         1765475216   398736363    109          0            
1217         1765475216   398736375    31           0            
1218         1765475216   398736376    0            0            
1007         1765475216   398736379    0            0            
2021         1765475216   398814118    28           27567776     
1008         1765475217   399032065    0            0            
1009         1765475217   399032069    1124000      0            
1215         1765475217   399032070    1124000      0            
1010         1765475217   399032081    0            0            
2021         1765475217   399034213    13596        27567824     
1018         1765475217   399241451    108          0            
1217         1765475217   399241463    31           0            
1218         1765475217   399241464    0            0            
1007         1765475217   399241466    0            0            
2021         1765475217   399317830    28           27567776     
1008         1765475217   399537442    0            0            
1009         1765475217   399537446    1123500      0            
1215         1765475217   399537447    1123500      0            
1010         1765475217   399537458    0            0            
2021         1765475217   399626652    13596        27567824     
1018         1765475217   399746899    107          0            
1217         1765475217   399746911    31           0            
1218         1765475217   399746911    0            0            
1007         1765475217   399746914    0            0            
2021         1765475218   399926493    28           27567776     
1008         1765475218   400042603    0            0            
1009         1765475218   400042607    1123000      0            
1215         1765475218   400042608    1123000      0            
1010         1765475218   400042619    0            0            
2021         1765475218   400044729    13596        27567824     
1018         1765475218   400251485    106          0            
1217         1765475218   400251497    31           0            
1218         1765475218   400251498    0            0            
1007         1765475218   400251500    0            0            
2021         1765475218   400425231    28           27567776     
1008         1765475218   400547481    0            0            
1009         1765475218   400547486    1122500      0            
1215         1765475218   400547486    1122500      0            
1010         1765475218   400547497    0            0            
2021         1765475218   400735836    13596        27567824     
1018         1765475218   400756548    105          0            
1217         1765475218   400756560    31           0            
1218         1765475218   400756561    0            0            
1007         1765475218   400756564    0            0            
2021         1765475218   400844109    28           27567776     
1008         1765475219   401052256    0            0            
1009         1765475219   401052261    1122000      0            
1215         1765475219   401052261    1122000      0            
1010         1765475219   401052272    0            0            
2021         1765475219   401054326    13596        27567824     
1018         1765475219   401261589    104          0            
1217         1765475219   401261601    31           0            
1218         1765475219   401261601    0            0            
1007         1765475219   401261604    0            0            
2021         1765475219   401311644    28           27567776     
1008         1765475219   401557582    0            0            
1009         1765475219   401557586    1121500      0            
1215         1765475219   401557587    1121500      0            
1010         1765475219   401557597    0            0            
2021         1765475219   401559600    13596        27567824     
1018         1765475219   401766593    103          0            
1217         1765475219   401766605    31           0            
1218         1765475219   401766605    0            0            
1007         1765475219   401766608    0            0            
2021         1765475219   401822498    28           27567776     
1008         1765475220   402062297    0            0            
1009         1765475220   402062301    1121000      0            
1215         1765475220   402062302    1121000      0            
1010         1765475220   402062313    0            0            
2021         1765475220   402064367    13596        27567824     
1018         1765475220   402271688    102          0            
1217         1765475220   402271700    31           0            
1218         1765475220   402271701    0            0            
1007         1765475220   402271704    0            0            
2021         1765475220   402319507    28           27567776     
1008         1765475220   402567678    0            0            
1009         1765475220   402567682    1120500      0            
1215         1765475220   402567683    1120500      0            
1010         1765475220   402567693    0            0            
2021         1765475220   402569777    13596        27567824     
1018         1765475220   402776737    101          0            
1217         1765475220   402776749    31           0            
1218         1765475220   402776750    0            0            
1007         1765475220   402776752    0            0            
2021         1765475220   402833330    28           27567776     
1008         1765475221   403072441    0            0            
1009         1765475221   403072445    1120000      0            
1215         1765475221   403072446    1120000      0            
1010         1765475221   403072457    0            0            
2021         1765475221   403074512    13596        27567824     
1018         1765475221   403281744    100          0            
1217         1765475221   403281756    31           0            
1218         1765475221   403281757    0            0            
1007         1765475221   403281759    0            0            
2021         1765475221   403328532    28           27567776     
1008         1765475221   403577743    0            0            
1009         1765475221   403577747    1119500      0            
1215         1765475221   403577748    1119500      0            
1010         1765475221   403577759    0            0            
2021         1765475221   403579821    13596        27567824     
1018         1765475221   403786844    99           0            
1217         1765475221   403786855    31           0            
1218         1765475221   403786856    0            0            
1007         1765475221   403786859    0            0            
2021         1765475221   403839135    28           27567776     
1008         1765475222   404082547    0            0            
1009         1765475222   404082551    1119000      0            
1215         1765475222   404082552    1119000      0            
1010         1765475222   404082562    0            0            
2021         1765475222   404140307    13596        27567824     
1018         1765475222   404291934    98           0            
1217         1765475222   404291946    31           0            
1218         1765475222   404291946    0            0            
1007         1765475222   404291949    0            0            
2021         1765475222   404342849    28           27567776     
1008         1765475222   404587928    0            0            
1009         1765475222   404587932    1118500      0            
1215         1765475222   404587933    1118500      0            
1010         1765475222   404587943    0            0            
2021         1765475222   404589972    13596        27567824     
1018         1765475222   404796994    97           0            
1217         1765475222   404797006    31           0            
1218         1765475222   404797006    0            0            
1007         1765475222   404797009    0            0            
2021         1765475222   404849286    28           27567776     
1008         1765475223   405092696    0            0            
1009         1765475223   405092700    1118000      0            
1215         1765475223   405092701    1118000      0            
1010         1765475223   405092712    0            0            
2021         1765475223   405094767    13596        27567824     
1018         1765475223   405301999    96           0            
1217         1765475223   405302011    31           0            
1218         1765475223   405302012    0            0            
1007         1765475223   405302014    0            0            
2021         1765475223   405354979    28           27567776     
1008         1765475223   405597995    0            0            
1009         1765475223   405597999    1117500      0            
1215         1765475223   405597999    1117500      0            
1010         1765475223   405598010    0            0            
2021         1765475223   405600206    13596        27567824     
1018         1765475223   405807041    95           0            
1217         1765475223   405807052    31           0            
1218         1765475223   405807053    0            0            
1007         1765475223   405807056    0            0            
2021         1765475223   405860193    28           27567776     
1008         1765475224   406102746    0            0            
1009         1765475224   406102751    1117000      0            
1215         1765475224   406102751    1117000      0            
1010         1765475224   406102762    0            0            
2021         1765475224   406104875    13596        27567824     
1018         1765475224   406312135    94           0            
1217         1765475224   406312147    31           0            
1218         1765475224   406312148    0            0            
1007         1765475224   406312151    0            0            
2021         1765475224   406353416    28           27567776     
1008         1765475224   406608127    0            0            
1009         1765475224   406608131    1116500      0            
1215         1765475224   406608132    1116500      0            
1010         1765475224   406608143    0            0            
2021         1765475224   406610357    13596        27567824     
1018         1765475224   406817184    93           0            
1217         1765475224   406817196    31           0            
1218         1765475224   406817196    0            0            
1007         1765475224   406817199    0            0            
2021         1765475224   406866207    28           27567776     
1008         1765475225   407112886    0            0            
1009         1765475225   407112890    1116000      0            
1215         1765475225   407112891    1116000      0            
1010         1765475225   407112902    0            0            
2021         1765475225   407115089    13596        27567824     
1018         1765475225   407322226    92           0            
1217         1765475225   407322238    31           0            
1218         1765475225   407322238    0            0            
1007         1765475225   407322241    0            0            
2021         1765475225   407370733    28           27567776     
1008         1765475225   407618220    0            0            
1009         1765475225   407618224    1115500      0            
1215         1765475225   407618225    1115500      0            
1010         1765475225   407618236    0            0            
2021         1765475225   407620317    13596        27567824     
1018         1765475225   407827310    91           0            
1217         1765475225   407827322    31           0            
1218         1765475225   407827322    0            0            
1007         1765475225   407827325    0            0            
2021         1765475225   407873065    28           27567776     
1008         1765475226   408123014    0            0            
1009         1765475226   408123018    1115000      0            
1215         1765475226   408123019    1115000      0            
1010         1765475226   408123030    0            0            
2021         1765475226   408176387    13596        27567824     
1018         1765475226   408332274    90           0            
1217         1765475226   408332285    31           0            
1218         1765475226   408332286    0            0            
1007         1765475226   408332289    0            0            
2021         1765475226   408379577    28           27567776     
1008         1765475226   408628264    0            0            
1009         1765475226   408628268    1114500      0            
1215         1765475226   408628269    1114500      0            
1010         1765475226   408628280    0            0            
2021         1765475226   408682162    13596        27567824     
1018         1765475226   408837359    89           0            
1217         1765475226   408837371    31           0            
1218         1765475226   408837371    0            0            
1007         1765475226   408837374    0            0            
2021         1765475226   408891371    28           27567776     
1008         1765475227   409133066    0            0            
1009         1765475227   409133071    1114000      0            
1215         1765475227   409133071    1114000      0            
1010         1765475227   409133082    0            0            
2021         1765475227   409135214    13596        27567824     
1018         1765475227   409342447    88           0            
1217         1765475227   409342459    31           0            
1218         1765475227   409342459    0            0            
1007         1765475227   409342462    0            0            
2021         1765475227   409396115    28           27567776     
1008         1765475227   409638440    0            0            
1009         1765475227   409638444    1113500      0            
1215         1765475227   409638445    1113500      0            
1010         1765475227   409638456    0            0            
2021         1765475227   409695288    13596        27567824     
1018         1765475227   409847378    87           0            
1217         1765475227   409847390    31           0            
1218         1765475227   409847391    0            0            
1007         1765475227   409847394    0            0            
2021         1765475227   409898981    28           27567776     
1008         1765475228   410143081    0            0            
1009         1765475228   410143085    1113000      0            
1215         1765475228   410143085    1113000      0            
1010         1765475228   410143096    0            0            
2021         1765475228   410145126    13596        27567824     
1018         1765475228   410352474    86           0            
1217         1765475228   410352486    31           0            
1218         1765475228   410352487    0            0            
1007         1765475228   410352489    0            0            
2021         1765475228   410402011    28           27567776     
1008         1765475228   410648464    0            0            
1009         1765475228   410648469    1112500      0            
1215         1765475228   410648469    1112500      0            
1010         1765475228   410648480    0            0            
2021         1765475228   410650539    13596        27567824     
1018         1765475228   410857586    85           0            
1217         1765475228   410857598    31           0            
1218         1765475228   410857598    0            0            
1007         1765475228   410857601    0            0            
2021         1765475228   410916070    28           27567776     
1008         1765475229   411153295    0            0            
1009         1765475229   411153299    1112000      0            
1215         1765475229   411153300    1112000      0            
1010         1765475229   411153311    0            0            
2021         1765475229   411155366    13596        27567824     
1018         1765475229   411362702    84           0            
1217         1765475229   411362714    31           0            
1218         1765475229   411362715    0            0            
1007         1765475229   411362717    0            0            
2021         1765475229   411404500    28           27567776     
1008         1765475229   411658695    0            0            
1009         1765475229   411658699    1111500      0            
1215         1765475229   411658700    1111500      0            
1010         1765475229   411658711    0            0            
2021         1765475229   411660770    13596        27567824     
1018         1765475229   411867609    83           0            
1217         1765475229   411867620    31           0            
1218         1765475229   411867621    0            0            
1007         1765475229   411867624    0            0            
2021         1765475229   411909924    28           27567776     
1008         1765475230   412163314    0            0            
1009         1765475230   412163318    1111000      0            
1215         1765475230   412163319    1111000      0            
1010         1765475230   412163330    0            0            
2021         1765475230   412165412    13596        27567824     
1018         1765475230   412372713    82           0            
1217         1765475230   412372725    31           0            
1218         1765475230   412372726    0            0            
1007         1765475230   412372728    0            0            
2021         1765475230   412418985    28           27567776     
1008         1765475230   412668710    0            0            
1009         1765475230   412668714    1110500      0            
1215         1765475230   412668715    1110500      0            
1010         1765475230   412668726    0            0            
2021         1765475230   412670761    13596        27567824     
1018         1765475230   412877726    81           0            
1217         1765475230   412877738    31           0            
1218         1765475230   412877738    0            0            
1007         1765475230   412877741    0            0            
2021         1765475230   412925545    28           27567776     
1008         1765475231   413173433    0            0            
1009         1765475231   413173438    1110000      0            
1215         1765475231   413173438    1110000      0            
1010         1765475231   413173449    0            0            
2021         1765475231   413175460    13596        27567824     
1018         1765475231   413382809    80           0            
1217         1765475231   413382821    31           0            
1218         1765475231   413382822    0            0            
1007         1765475231   413382824    0            0            
2021         1765475231   413432519    28           27567776     
1008         1765475231   413678802    0            0            
1009         1765475231   413678806    1109500      0            
1215         1765475231   413678807    1109500      0            
1010         1765475231   413678818    0            0            
2021         1765475231   413680853    13596        27567824     
1018         1765475231   413887866    79           0            
1217         1765475231   413887877    31           0            
1218         1765475231   413887878    0            0            
1007         1765475231   413887881    0            0            
2021         1765475231   413938611    28           27567776     
1008         1765475232   414183572    0            0            
1009         1765475232   414183576    1109000      0            
1215         1765475232   414183577    1109000      0            
1010         1765475232   414183588    0            0            
2021         1765475232   414185668    13596        27567824     
1018         1765475232   414392953    78           0            
1217         1765475232   414392965    31           0            
1218         1765475232   414392966    0            0            
1007         1765475232   414392968    0            0            
2021         1765475232   414446105    28           27567776     
1008         1765475232   414688945    0            0            
1009         1765475232   414688949    1108500      0            
1215         1765475232   414688950    1108500      0            
1010         1765475232   414688961    0            0            
2021         1765475232   414744874    13596        27567824     
1018         1765475232   414898008    77           0            
1217         1765475232   414898020    31           0            
1218         1765475232   414898020    0            0            
1007         1765475232   414898023    0            0            
2021         1765475232   414948752    28           27567776     
1008         1765475233   415193717    0            0            
1009         1765475233   415193721    1108000      0            
1215         1765475233   415193722    1108000      0            
1010         1765475233   415193733    0            0            
2021         1765475233   415195763    13596        27567824     
1018         1765475233   415403018    76           0            
1217         1765475233   415403029    31           0            
1218         1765475233   415403030    0            0            
1007         1765475233   415403033    0            0            
2021         1765475233   415452386    28           27567776     
1008         1765475233   415699014    0            0            
1009         1765475233   415699019    1107500      0            
1215         1765475233   415699019    1107500      0            
1010         1765475233   415699030    0            0            
2021         1765475233   415701136    13596        27567824     
1018         1765475233   415908010    75           0            
1217         1765475233   415908022    31           0            
1218         1765475233   415908023    0            0            
1007         1765475233   415908026    0            0            
2021         1765475233   415957035    28           27567776     
1008         1765475234   416203717    0            0            
1009         1765475234   416203721    1107000      0            
1215         1765475234   416203722    1107000      0            
1010         1765475234   416203733    0            0            
2021         1765475234   416205839    13596        27567824     
1018         1765475234   416413160    74           0            
1217         1765475234   416413172    31           0            
1218         1765475234   416413172    0            0            
1007         1765475234   416413175    0            0            
2021         1765475234   416463216    28           27567776     
1008         1765475234   416709154    0            0            
1009         1765475234   416709158    1106500      0            
1215         1765475234   416709159    1106500      0            
1010         1765475234   416709170    0            0            
2021         1765475234   416711354    13596        27567824     
1018         1765475234   416918222    73           0            
1217         1765475234   416918234    31           0            
1218         1765475234   416918234    0            0            
1007         1765475234   416918237    0            0            
2021         1765475234   416967246    28           27567776     
1008         1765475235   417213926    0            0            
1009         1765475235   417213931    1106000      0            
1215         1765475235   417213931    1106000      0            
1010         1765475235   417213942    0            0            
2021         1765475235   417266628    13596        27567824     
1018         1765475235   417423267    72           0            
1217         1765475235   417423279    31           0            
1218         1765475235   417423280    0            0            
1007         1765475235   417423282    0            0            
2021         1765475235   417470398    28           27567776     
1008         1765475235   417719262    0            0            
1009         1765475235   417719266    1105500      0            
1215         1765475235   417719267    1105500      0            
1010         1765475235   417719278    0            0            
2021         1765475235   417721332    13596        27567824     
1018         1765475235   417928207    71           0            
1217         1765475235   417928219    31           0            
1218         1765475235   417928219    0            0            
1007         1765475235   417928222    0            0            
2021         1765475235   417984456    28           27567776     
1008         1765475236   418223910    0            0            
1009         1765475236   418223915    1105000      0            
1215         1765475236   418223915    1105000      0            
1010         1765475236   418223926    0            0            
2021         1765475236   418226059    13596        27567824     
1018         1765475236   418433279    70           0            
1217         1765475236   418433291    31           0            
1218         1765475236   418433292    0            0            
1007         1765475236   418433295    0            0            
2021         1765475236   418487636    28           27567776     
1008         1765475236   418729272    0            0            
1009         1765475236   418729276    1104500      0            
1215         1765475236   418729277    1104500      0            
1010         1765475236   418729288    0            0            
2021         1765475236   418731427    13596        27567824     
1018         1765475236   418938382    69           0            
1217         1765475236   418938394    31           0            
1218         1765475236   418938394    0            0            
1007         1765475236   418938397    0            0            
2021         1765475236   418990156    28           27567776     
1008         1765475237   419234083    0            0            
1009         1765475237   419234087    1104000      0            
1215         1765475237   419234088    1104000      0            
1010         1765475237   419234099    0            0            
2021         1765475237   419236153    13596        27567824     
1018         1765475237   419443462    68           0            
1217         1765475237   419443474    31           0            
1218         1765475237   419443475    0            0            
1007         1765475237   419443477    0            0            
2021         1765475237   419494722    28           27567776     
1008         1765475237   419739457    0            0            
1009         1765475237   419739461    1103500      0            
1215         1765475237   419739462    1103500      0            
1010         1765475237   419739473    0            0            
2021         1765475237   419741533    13596        27567824     
1018         1765475237   419948380    67           0            
1217         1765475237   419948392    31           0            
1218         1765475237   419948392    0            0            
1007         1765475237   419948395    0            0            
2021         1765475237   419988800    28           27567776     
1008         1765475238   420244081    0            0            
1009         1765475238   420244085    1103000      0            
1215         1765475238   420244085    1103000      0            
1010         1765475238   420244096    0            0            
2021         1765475238   420246262    13596        27567824     
1018         1765475238   420453574    66           0            
1217         1765475238   420453586    31           0            
1218         1765475238   420453586    0            0            
1007         1765475238   420453589    0            0            
2021         1765475238   420496405    28           27567776     
1008         1765475238   420749567    0            0            
1009         1765475238   420749571    1102500      0            
1215         1765475238   420749572    1102500      0            
1010         1765475238   420749583    0            0            
2021         1765475238   420751720    13596        27567824     
1018         1765475238   420958584    65           0            
1217         1765475238   420958596    31           0            
1218         1765475238   420958597    0            0            
1007         1765475238   420958600    0            0            
2021         1765475238   420999695    28           27567776     
1008         1765475239   421254292    0            0            
1009         1765475239   421254296    1102000      0            
1215         1765475239   421254297    1102000      0            
1010         1765475239   421254308    0            0            
2021         1765475239   421256390    13596        27567824     
1018         1765475239   421463640    64           0            
1217         1765475239   421463652    31           0            
1218         1765475239   421463653    0            0            
1007         1765475239   421463655    0            0            
2021         1765475239   421503718    28           27567776     
1008         1765475239   421759630    0            0            
1009         1765475239   421759635    1101500      0            
1215         1765475239   421759635    1101500      0            
1010         1765475239   421759646    0            0            
2021         1765475239   421761731    13596        27567824     
1018         1765475239   421968642    63           0            
1217         1765475239   421968654    31           0            
1218         1765475239   421968654    0            0            
1007         1765475239   421968657    0            0            
2021         1765475239   422022482    28           27567776     
1008         1765475240   422264343    0            0            
1009         1765475240   422264347    1101000      0            
1215         1765475240   422264348    1101000      0            
1010         1765475240   422264359    0            0            
2021         1765475240   422266490    13596        27567824     
1018         1765475240   422473715    62           0            
1217         1765475240   422473727    31           0            
1218         1765475240   422473727    0            0            
1007         1765475240   422473730    0            0            
2021         1765475240   422525146    28           27567776     
1008         1765475240   422769709    0            0            
1009         1765475240   422769714    1100500      0            
1215         1765475240   422769714    1100500      0            
1010         1765475240   422769725    0            0            
2021         1765475240   422771727    13596        27567824     
1018         1765475240   422978829    61           0            
1217         1765475240   422978840    31           0            
1218         1765475240   422978841    0            0            
1007         1765475240   422978844    0            0            
2021         1765475240   423034387    28           27567776     
1008         1765475241   423274530    0            0            
1009         1765475241   423274534    1100000      0            
1215         1765475241   423274535    1100000      0            
1010         1765475241   423274546    0            0            
2021         1765475241   423276626    13596        27567824     
1018         1765475241   423483864    60           0            
1217         1765475241   423483876    31           0            
1218         1765475241   423483877    0            0            
1007         1765475241   423483879    0            0            
2021         1765475241   423537532    28           27567776     
1008         1765475241   423779858    0            0            
1009         1765475241   423779862    1099500      0            
1215         1765475241   423779863    1099500      0            
1010         1765475241   423779874    0            0            
2021         1765475241   423782058    13596        27567824     
1018         1765475241   423988852    59           0            
1217         1765475241   423988864    31           0            
1218         1765475241   423988865    0            0            
1007         1765475241   423988867    0            0            
2021         1765475241   424044414    28           27567776     
1008         1765475242   424284557    0            0            
1009         1765475242   424284561    1099000      0            
1215         1765475242   424284562    1099000      0            
1010         1765475242   424284573    0            0            
2021         1765475242   424286661    13596        27567824     
1018         1765475242   424493938    58           0            
1217         1765475242   424493950    31           0            
1218         1765475242   424493951    0            0            
1007         1765475242   424493953    0            0            
2021         1765475242   424547434    28           27567776     
1008         1765475242   424789928    0            0            
1009         1765475242   424789932    1098500      0            
1215         1765475242   424789933    1098500      0            
1010         1765475242   424789944    0            0            
2021         1765475242   424791970    13596        27567824     
1018         1765475242   424999021    57           0            
1217         1765475242   424999033    31           0            
1218         1765475242   424999033    0            0            
1007         1765475242   424999036    0            0            
2021         1765475242   425055097    28           27567776     
1008         1765475243   425294730    0            0            
1009         1765475243   425294734    1098000      0            
1215         1765475243   425294735    1098000      0            
1010         1765475243   425294746    0            0            
2021         1765475243   425296825    13596        27567824     
1018         1765475243   425503970    56           0            
1217         1765475243   425503981    31           0            
1218         1765475243   425503982    0            0            
1007         1765475243   425503985    0            0            
2021         1765475243   425557810    28           27567776     
1008         1765475243   425799972    0            0            
1009         1765475243   425799976    1097500      0            
1215         1765475243   425799977    1097500      0            
1010         1765475243   425799988    0            0            
2021         1765475243   425802094    13596        27567824     
1018         1765475243   426009038    55           0            
1217         1765475243   426009049    31           0            
1218         1765475243   426009050    0            0            
1007         1765475243   426009053    0            0            
2021         1765475243   426063394    28           27567776     
1008         1765475244   426304740    0            0            
1009         1765475244   426304744    1097000      0            
1215         1765475244   426304745    1097000      0            
1010         1765475244   426304756    0            0            
2021         1765475244   426306791    13596        27567824     
1018         1765475244   426514113    54           0            
1217         1765475244   426514125    31           0            
1218         1765475244   426514125    0            0            
1007         1765475244   426514128    0            0            
2021         1765475244   426556427    28           27567776     
1008         1765475244   426810102    0            0            
1009         1765475244   426810106    1096500      0            
1215         1765475244   426810107    1096500      0            
1010         1765475244   426810118    0            0            
2021         1765475244   426812199    13596        27567824     
1018         1765475244   427019207    53           0            
1217         1765475244   427019219    31           0            
1218         1765475244   427019220    0            0            
1007         1765475244   427019222    0            0            
2021         1765475244   427062379    28           27567776     
1008         1765475245   427314911    0            0            
1009         1765475245   427314915    1096000      0            
1215         1765475245   427314916    1096000      0            
1010         1765475245   427314927    0            0            
2021         1765475245   427317012    13596        27567824     
1018         1765475245   427524269    52           0            
1217         1765475245   427524281    31           0            
1218         1765475245   427524282    0            0            
1007         1765475245   427524284    0            0            
2021         1765475245   427571056    28           27567776     
1008         1765475245   427820260    0            0            
1009         1765475245   427820265    1095500      0            
1215         1765475245   427820265    1095500      0            
1010         1765475245   427820276    0            0            
2021         1765475245   427822355    13596        27567824     
1018         1765475245   428029246    51           0            
1217         1765475245   428029258    31           0            
1218         1765475245   428029259    0            0            
1007         1765475245   428029262    0            0            
2021         1765475245   428071905    28           27567776     
1008         1765475246   428324953    0            0            
1009         1765475246   428324958    1095000      0            
1215         1765475246   428324958    1095000      0            
1010         1765475246   428324969    0            0            
2021         1765475246   428374801    13596        27567824     
1018         1765475246   428534395    50           0            
1217         1765475246   428534407    31           0            
1218         1765475246   428534407    0            0            
1007         1765475246   428534410    0            0            
2021         1765475246   428577741    28           27567776     
1008         1765475246   428830388    0            0            
1009         1765475246   428830392    1094500      0            
1215         1765475246   428830393    1094500      0            
1010         1765475246   428830404    0            0            
2021         1765475246   428832587    13596        27567824     
1018         1765475246   429039430    49           0            
1217         1765475246   429039442    31           0            
1218         1765475246   429039443    0            0            
1007         1765475246   429039445    0            0            
2021         1765475246   429081400    28           27567776     
1008         1765475247   429335136    0            0            
1009         1765475247   429335140    1094000      0            
1215         1765475247   429335141    1094000      0            
1010         1765475247   429335152    0            0            
2021         1765475247   429385396    13596        27567824     
1018         1765475247   429544471    48           0            
1217         1765475247   429544483    31           0            
1218         1765475247   429544484    0            0            
1007         1765475247   429544486    0            0            
2021         1765475247   429588506    28           27567776     
1008         1765475247   429840469    0            0            
1009         1765475247   429840473    1093500      0            
1215         1765475247   429840474    1093500      0            
1010         1765475247   429840485    0            0            
2021         1765475247   429842617    13596        27567824     
1018         1765475247   430049401    47           0            
1217         1765475247   430049413    31           0            
1218         1765475247   430049413    0            0            
1007         1765475247   430049416    0            0            
2021         1765475247   430097219    28           27567776     
1008         1765475248   430345107    0            0            
1009         1765475248   430345111    1093000      0            
1215         1765475248   430345112    1093000      0            
1010         1765475248   430345123    0            0            
2021         1765475248   430399618    13596        27567824     
1018         1765475248   430554532    46           0            
1217         1765475248   430554544    31           0            
1218         1765475248   430554545    0            0            
1007         1765475248   430554547    0            0            
2021         1765475248   430605964    28           27567776     
1008         1765475248   430850525    0            0            
1009         1765475248   430850530    1092500      0            
1215         1765475248   430850530    1092500      0            
1010         1765475248   430850541    0            0            
2021         1765475248   430852621    13596        27567824     
1018         1765475248   431059574    45           0            
1217         1765475248   431059586    31           0            
1218         1765475248   431059586    0            0            
1007         1765475248   431059589    0            0            
2021         1765475248   431114619    28           27567776     
1008         1765475249   431355280    0            0            
1009         1765475249   431355284    1092000      0            
1215         1765475249   431355285    1092000      0            
1010         1765475249   431355296    0            0            
2021         1765475249   431357303    13596        27567824     
1018         1765475249   431564640    44           0            
1217         1765475249   431564652    31           0            
1218         1765475249   431564653    0            0            
1007         1765475249   431564655    0            0            
2021         1765475249   431616071    28           27567776     
1008         1765475249   431860633    0            0            
1009         1765475249   431860637    1091500      0            
1215         1765475249   431860638    1091500      0            
1010         1765475249   431860649    0            0            
2021         1765475249   431862779    13596        27567824     
1018         1765475249   432069645    43           0            
1217         1765475249   432069657    31           0            
1218         1765475249   432069658    0            0            
1007         1765475249   432069661    0            0            
2021         1765475249   432120219    28           27567776     
1008         1765475250   432365352    0            0            
1009         1765475250   432365356    1091000      0            
1215         1765475250   432365357    1091000      0            
1010         1765475250   432365368    0            0            
2021         1765475250   432367453    13596        27567824     
1018         1765475250   432574734    42           0            
1217         1765475250   432574746    31           0            
1218         1765475250   432574747    0            0            
1007         1765475250   432574750    0            0            
2021         1765475250   432626169    28           27567776     
1008         1765475250   432870737    0            0            
1009         1765475250   432870741    1090500      0            
1215         1765475250   432870742    1090500      0            
1010         1765475250   432870753    0            0            
2021         1765475250   432872886    13596        27567824     
1018         1765475250   433079728    41           0            
1217         1765475250   433079740    31           0            
1218         1765475250   433079740    0            0            
1007         1765475250   433079743    0            0            
2021         1765475250   433140106    28           27567776     
1008         1765475251   433375436    0            0            
1009         1765475251   433375440    1090000      0            
1215         1765475251   433375441    1090000      0            
1010         1765475251   433375452    0            0            
2021         1765475251   433377489    13596        27567824     
1018         1765475251   433584757    40           0            
1217         1765475251   433584769    31           0            
1218         1765475251   433584770    0            0            
1007         1765475251   433584772    0            0            
2021         1765475251   433625695    28           27567776     
1008         1765475251   433880759    0            0            
1009         1765475251   433880763    1089500      0            
1215         1765475251   433880764    1089500      0            
1010         1765475251   433880775    0            0            
2021         1765475251   433928144    13596        27567824     
1018         1765475251   434089827    39           0            
1217         1765475251   434089839    31           0            
1218         1765475251   434089839    0            0            
1007         1765475251   434089842    0            0            
2021         1765475251   434131625    28           27567776     
1008         1765475252   434385531    0            0            
1009         1765475252   434385535    1089000      0            
1215         1765475252   434385536    1089000      0            
1010         1765475252   434385547    0            0            
2021         1765475252   434387626    13596        27567824     
1018         1765475252   434595014    38           0            
1217         1765475252   434595026    31           0            
1218         1765475252   434595027    0            0            
1007         1765475252   434595029    0            0            
2021         1765475252   434637329    28           27567776     
1008         1765475252   434891013    0            0            
1009         1765475252   434891017    1088500      0            
1215         1765475252   434891018    1088500      0            
1010         1765475252   434891029    0            0            
2021         1765475252   434938324    13596        27567824     
1018         1765475252   435099993    37           0            
1217         1765475252   435100005    31           0            
1218         1765475252   435100006    0            0            
1007         1765475252   435100008    0            0            
2021         1765475252   435141963    28           27567776     
1008         1765475253   435395698    0            0            
1009         1765475253   435395702    1088000      0            
1215         1765475253   435395703    1088000      0            
1010         1765475253   435395713    0            0            
2021         1765475253   435397819    13596        27567824     
1018         1765475253   435605004    36           0            
1217         1765475253   435605016    31           0            
1218         1765475253   435605017    0            0            
1007         1765475253   435605020    0            0            
2021         1765475253   435648178    28           27567776     
1008         1765475253   435901001    0            0            
1009         1765475253   435901005    1087500      0            
1215         1765475253   435901006    1087500      0            
1010         1765475253   435901017    0            0            
2021         1765475253   435903226    13596        27567824     
1018         1765475253   436110027    35           0            
1217         1765475253   436110038    31           0            
1218         1765475253   436110039    0            0            
1007         1765475253   436110042    0            0            
2021         1765475253   436151996    28           27567776     
1008         1765475254   436405731    0            0            
1009         1765475254   436405735    1087000      0            
1215         1765475254   436405736    1087000      0            
1010         1765475254   436405747    0            0            
2021         1765475254   436407884    13596        27567824     
1018         1765475254   436615082    34           0            
1217         1765475254   436615094    31           0            
1218         1765475254   436615094    0            0            
1007         1765475254   436615097    0            0            
2021         1765475254   436669783    28           27567776     
1008         1765475254   436911081    0            0            
1009         1765475254   436911085    1086500      0            
1215         1765475254   436911085    1086500      0            
1010         1765475254   436911096    0            0            
2021         1765475254   436913203    13596        27567824     
1018         1765475254   437120244    33           0            
1217         1765475254   437120256    31           0            
1218         1765475254   437120256    0            0            
1007         1765475254   437120259    0            0            
2021         1765475254   437163934    28           27567776     
1008         1765475255   437415952    0            0            
1009         1765475255   437415957    1086000      0            
1215         1765475255   437415958    1086000      0            
1010         1765475255   437415969    0            0            
2021         1765475255   437464001    13596        27567824     
1018         1765475255   437625157    32           0            
1217         1765475255   437625169    31           0            
1218         1765475255   437625169    0            0            
1007         1765475255   437625172    0            0            
2021         1765475255   437668503    28           27567776     
1008         1765475255   437921156    0            0            
1009         1765475255   437921161    1085500      0            
1215         1765475255   437921161    1085500      0            
1010         1765475255   437921172    0            0            
2021         1765475255   437969007    13596        27567824     
1018         1765475255   438130287    31           0            
1217         1765475255   438130299    31           0            
1218         1765475255   438130299    0            0            
1007         1765475255   438130302    0            0            
2021         1765475255   438173461    28           27567776     
1008         1765475256   438425993    0            0            
1009         1765475256   438425997    1085000      0            
1215         1765475256   438425998    1085000      0            
1010         1765475256   438426009    0            0            
2021         1765475256   438475650    13596        27567824     
1018         1765475256   438635379    30           0            
1217         1765475256   438635391    31           0            
1218         1765475256   438635392    0            0            
1007         1765475256   438635395    0            0            
2021         1765475256   438682170    28           27567776     
1008         1765475256   438931378    0            0            
1009         1765475256   438931382    1084500      0            
1215         1765475256   438931383    1084500      0            
1010         1765475256   438931393    0            0            
2021         1765475256   438984229    13596        27567824     
1018         1765475256   439140354    29           0            
1217         1765475256   439140365    31           0            
1218         1765475256   439140366    0            0            
1007         1765475256   439140369    0            0            
2021         1765475256   439187138    28           27567776     
1008         1765475257   439436058    0            0            
1009         1765475257   439436062    1084000      0            
1215         1765475257   439436063    1084000      0            
1010         1765475257   439436074    0            0            
2021         1765475257   439438127    13596        27567824     
1018         1765475257   439645419    28           0            
1217         1765475257   439645431    31           0            
1218         1765475257   439645431    0            0            
1007         1765475257   439645434    0            0            
2021         1765475257   439695646    28           27567776     
1008         1765475257   439941415    0            0            
1009         1765475257   439941419    1083500      0            
1215         1765475257   439941420    1083500      0            
1010         1765475257   439941431    0            0            
2021         1765475257   439943588    13596        27567824     
1018         1765475257   440150546    27           0            
1217         1765475257   440150558    31           0            
1218         1765475257   440150558    0            0            
1007         1765475257   440150561    0            0            
2021         1765475257   440200600    28           27567776     
1008         1765475258   440446244    0            0            
1009         1765475258   440446248    1083000      0            
1215         1765475258   440446249    1083000      0            
1010         1765475258   440446260    0            0            
2021         1765475258   440448314    13596        27567824     
1018         1765475258   440655533    26           0            
1217         1765475258   440655545    31           0            
1218         1765475258   440655545    0            0            
1007         1765475258   440655548    0            0            
2021         1765475258   440702319    28           27567776     
1008         1765475258   440951523    0            0            
1009         1765475258   440951527    1082500      0            
1215         1765475258   440951528    1082500      0            
1010         1765475258   440951539    0            0            
2021         1765475258   440953643    13596        27567824     
1018         1765475258   441160648    25           0            
1217         1765475258   441160660    31           0            
1218         1765475258   441160660    0            0            
1007         1765475258   441160663    0            0            
2021         1765475258   441208468    28           27567776     
1008         1765475259   441456353    0            0            
1009         1765475259   441456357    1082000      0            
1215         1765475259   441456358    1082000      0            
1010         1765475259   441456369    0            0            
2021         1765475259   441458450    13596        27567824     
1018         1765475259   441665658    24           0            
1217         1765475259   441665669    31           0            
1218         1765475259   441665670    0            0            
1007         1765475259   441665673    0            0            
2021         1765475259   441712445    28           27567776     
1008         1765475259   441961647    0            0            
1009         1765475259   441961651    1081500      0            
1215         1765475259   441961652    1081500      0            
1010         1765475259   441961663    0            0            
2021         1765475259   442015098    13596        27567824     
1018         1765475259   442170845    23           0            
1217         1765475259   442170857    31           0            
1218         1765475259   442170858    0            0            
1007         1765475259   442170861    0            0            
2021         1765475259   442217115    28           27567776     
1008         1765475260   442466546    0            0            
1009         1765475260   442466550    1081000      0            
1215         1765475260   442466551    1081000      0            
1010         1765475260   442466562    0            0            
2021         1765475260   442519375    13596        27567824     
1018         1765475260   442675822    22           0            
1217         1765475260   442675834    31           0            
1218         1765475260   442675834    0            0            
1007         1765475260   442675837    0            0            
2021         1765475260   442720889    28           27567776     
1008         1765475260   442971816    0            0            
1009         1765475260   442971821    1080500      0            
1215         1765475260   442971821    1080500      0            
1010         1765475260   442971832    0            0            
2021         1765475260   442973942    13596        27567824     
1018         1765475260   443180837    21           0            
1217         1765475260   443180849    31           0            
1218         1765475260   443180849    0            0            
1007         1765475260   443180852    0            0            
2021         1765475260   443231753    28           27567776     
1008         1765475261   443476538    0            0            
1009         1765475261   443476542    1080000      0            
1215         1765475261   443476543    1080000      0            
1010         1765475261   443476554    0            0            
2021         1765475261   443535856    13596        27567824     
1018         1765475261   443685918    20           0            
1217         1765475261   443685930    31           0            
1218         1765475261   443685931    0            0            
1007         1765475261   443685933    0            0            
2021         1765475261   443735283    28           27567776     
1008         1765475261   443981911    0            0            
1009         1765475261   443981915    1079500      0            
1215         1765475261   443981916    1079500      0            
1010         1765475261   443981927    0            0            
2021         1765475261   444036834    13596        27567824     
1018         1765475261   444190865    19           0            
1217         1765475261   444190877    31           0            
1218         1765475261   444190878    0            0            
1007         1765475261   444190880    0            0            
2021         1765475261   444239889    28           27567776     
1008         1765475262   444486573    0            0            
1009         1765475262   444486577    1079000      0            
1215         1765475262   444486578    1079000      0            
1010         1765475262   444486589    0            0            
2021         1765475262   444488649    13596        27567824     
1018         1765475262   444696004    18           0            
1217         1765475262   444696016    31           0            
1218         1765475262   444696017    0            0            
1007         1765475262   444696019    0            0            
2021         1765475262   444745543    28           27567776     
1008         1765475262   444991993    0            0            
1009         1765475262   444991997    1078500      0            
1215         1765475262   444991998    1078500      0            
1010         1765475262   444992008    0            0            
2021         1765475262   445047070    13596        27567824     
1018         1765475262   445201078    17           0            
1217         1765475262   445201090    31           0            
1218         1765475262   445201091    0            0            
1007         1765475262   445201093    0            0            
2021         1765475262   445251993    28           27567776     
1008         1765475263   445496782    0            0            
1009         1765475263   445496786    1078000      0            
1215         1765475263   445496787    1078000      0            
1010         1765475263   445496798    0            0            
2021         1765475263   445550160    13596        27567824     
1018         1765475263   445706197    16           0            
1217         1765475263   445706208    31           0            
1218         1765475263   445706209    0            0            
1007         1765475263   445706212    0            0            
2021         1765475263   445754873    28           27567776     
1008         1765475263   446002196    0            0            
1009         1765475263   446002200    1077500      0            
1215         1765475263   446002201    1077500      0            
1010         1765475263   446002212    0            0            
2021         1765475263   446056005    13596        27567824     
1018         1765475263   446211180    15           0            
1217         1765475263   446211192    31           0            
1218         1765475263   446211193    0            0            
1007         1765475263   446211195    0            0            
2021         1765475263   446261579    28           27567776     
1008         1765475264   446506881    0            0            
1009         1765475264   446506885    1077000      0            
1215         1765475264   446506886    1077000      0            
1010         1765475264   446506897    0            0            
2021         1765475264   446508983    13596        27567824     
1018         1765475264   446716244    14           0            
1217         1765475264   446716256    31           0            
1218         1765475264   446716256    0            0            
1007         1765475264   446716259    0            0            
2021         1765475264   446768023    28           27567776     
1008         1765475264   447012241    0            0            
1009         1765475264   447012245    1076500      0            
1215         1765475264   447012246    1076500      0            
1010         1765475264   447012257    0            0            
2021         1765475264   447066493    13596        27567824     
1018         1765475264   447221310    13           0            
1217         1765475264   447221322    31           0            
1218         1765475264   447221323    0            0            
1007         1765475264   447221325    0            0            
2021         1765475264   447273258    28           27567776     
1008         1765475265   447517013    0            0            
1009         1765475265   447517017    1076000      0            
1215         1765475265   447517018    1076000      0            
1010         1765475265   447517028    0            0            
2021         1765475265   447519238    13596        27567824     
1018         1765475265   447726360    12           0            
1217         1765475265   447726372    31           0            
1218         1765475265   447726373    0            0            
1007         1765475265   447726375    0            0            
2021         1765475265   447781057    28           27567776     
1008         1765475265   448022354    0            0            
1009         1765475265   448022358    1075500      0            
1215         1765475265   448022359    1075500      0            
1010         1765475265   448022370    0            0            
2021         1765475265   448024481    13596        27567824     
1018         1765475265   448231368    11           0            
1217         1765475265   448231380    31           0            
1218         1765475265   448231380    0            0            
1007         1765475265   448231383    0            0            
2021         1765475265   448275575    28           27567776     
1008         1765475266   448527070    0            0            
1009         1765475266   448527074    1075000      0            
1215         1765475266   448527075    1075000      0            
1010         1765475266   448527086    0            0            
2021         1765475266   448529203    13596        27567824     
1018         1765475266   448736449    10           0            
1217         1765475266   448736461    31           0            
1218         1765475266   448736462    0            0            
1007         1765475266   448736464    0            0            
2021         1765475266   448781341    28           27567776     
1008         1765475266   449032439    0            0            
1009         1765475266   449032443    1074500      0            
1215         1765475266   449032443    1074500      0            
1010         1765475266   449032454    0            0            
2021         1765475266   449081321    13596        27567824     
1018         1765475266   449241481    9            0            
1217         1765475266   449241492    31           0            
1218         1765475266   449241493    0            0            
1007         1765475266   449241496    0            0            
2021         1765475266   449285171    28           27567776     
1008         1765475267   449537184    0            0            
1009         1765475267   449537188    1074000      0            
1215         1765475267   449537189    1074000      0            
1010         1765475267   449537200    0            0            
2021         1765475267   449539203    13596        27567824     
1018         1765475267   449746602    8            0            
1217         1765475267   449746613    31           0            
1218         1765475267   449746614    0            0            
1007         1765475267   449746617    0            0            
2021         1765475267   449791496    28           27567776     
1008         1765475267   450042595    0            0            
1009         1765475267   450042599    1073500      0            
1215         1765475267   450042599    1073500      0            
1010         1765475267   450042610    0            0            
2021         1765475267   450090884    13596        27567824     
1018         1765475267   450251552    7            0            
1217         1765475267   450251564    31           0            
1218         1765475267   450251564    0            0            
1007         1765475267   450251567    0            0            
2021         1765475267   450308144    28           27567776     
1008         1765475268   450547255    0            0            
1009         1765475268   450547259    1073000      0            
1215         1765475268   450547260    1073000      0            
1010         1765475268   450547271    0            0            
2021         1765475268   450549297    13596        27567824     
1018         1765475268   450756677    6            0            
1217         1765475268   450756688    31           0            
1218         1765475268   450756689    0            0            
1007         1765475268   450756692    0            0            
2021         1765475268   450811720    28           27567776     
1008         1765475268   451052666    0            0            
1009         1765475268   451052670    1072500      0            
1215         1765475268   451052671    1072500      0            
1010         1765475268   451052682    0            0            
2021         1765475268   451101120    13596        27567824     
1018         1765475268   451261716    5            0            
1217         1765475268   451261728    31           0            
1218         1765475268   451261728    0            0            
1007         1765475268   451261731    0            0            
2021         1765475268   451306266    28           27567776     
1008         1765475269   451557425    0            0            
1009         1765475269   451557429    1072000      0            
1215         1765475269   451557430    1072000      0            
1010         1765475269   451557441    0            0            
2021         1765475269   451604922    13596        27567824     
1018         1765475269   451766777    4            0            
1217         1765475269   451766789    31           0            
1218         1765475269   451766789    0            0            
1007         1765475269   451766792    0            0            
2021         1765475269   451810465    28           27567776     
1008         1765475269   452062767    0            0            
1009         1765475269   452062771    1071500      0            
1215         1765475269   452062771    1071500      0            
1010         1765475269   452062782    0            0            
2021         1765475269   452109418    13596        27567824     
1018         1765475269   452271830    3            0            
1217         1765475269   452271842    31           0            
1218         1765475269   452271843    0            0            
1007         1765475269   452271845    0            0            
2021         1765475269   452328250    28           27567776     
1008         1765475270   452567531    0            0            
1009         1765475270   452567535    1071000      0            
1215         1765475270   452567536    1071000      0            
1010         1765475270   452567547    0            0            
2021         1765475270   452569633    13596        27567824     
1018         1765475270   452776877    2            0            
1217         1765475270   452776889    31           0            
1218         1765475270   452776890    0            0            
1007         1765475270   452776893    0            0            
2021         1765475270   452831746    28           27567776     
1008         1765475270   453072865    0            0            
1009         1765475270   453072869    1070500      0            
1215         1765475270   453072870    1070500      0            
1010         1765475270   453072881    0            0            
2021         1765475270   453075097    13596        27567824     
1018         1765475270   453281928    1            0            
1217         1765475270   453281940    31           0            
1218         1765475270   453281940    0            0            
1007         1765475270   453281943    0            0            
2021         1765475270   453332497    28           27567776     
1008         1765475271   453577622    0            0            
1009         1765475271   453577627    1070000      0            
1215         1765475271   453577627    1070000      0            
1010         1765475271   453577638    0            0            
2021         1765475271   453579746    13596        27567824     
1018         1765475271   453786993    0            0            
1217         1765475271   453787005    31           0            
1218         1765475271   453787006    0            0            
1007         1765475271   453787008    0            0            
2021         1765475271   453835327    28           27567776     
1008         1765475271   454082981    0            0            
1010         1765475271   454082986    0            0            
2021         1765475271   454136166    13596        27567824     
50001        1            1436502      0            0            
50002        1764777195   3996673270   4875         0            
50003        1            1436503      0            0            
50004        1            1436503      0            0            
