12           1765475809   997473849    100794379    0            
15           1765475809   997473850    1000000      0            
2021         1765475809   997474634    24           27567776     
2021         1765475809   997477387    25880        27567808     
2100         1765475809   997477432    1            17039424     
2107         1765475809   997822511    1            17039424     
2007         1765475810   997837381    1765475810   0            
15           1765475810   997837382    1000000      0            
2021         1765475810   997838069    20           27567776     
1012         1765475810   997852485    1            1070000      
2001         1765475810   997852486    1070000      1130000      
2002         1765475810   997852486    500          0            
2003         1765475810   997852487    1            0            
2004         1765475810   997852487    1            0            
1000         1765475810   997852494    0            0            
1205         1765475810   997852497    33700        0            
1217         1765475810   997852617    31           0            
1218         1765475810   997852617    0            0            
1203         1765475810   997891571    4294966725   998          
1201         1765475810   997891572    10           0            
2021         1765475810   997903728    28           27567776     
1203         1765475810   997977950    4294966725   998          
1013         1765475810   997977951    0            0            
1014         1765475811   998988517    0            0            
1203         1765475811   999027512    4294966725   999          
1125         1765475811   999027513    23           0            
1117         1765475811   999027662    3100         0            
1118         1765475811   999046872    3556         0            
1119         1765475811   999058684    0            0            
1120         1765475811   999088338    4294939896   4294964235   
1121         1765475811   999117991    0            0            
1122         1765475811   999147646    4294939896   4294964235   
1124         1765475811   999147648    0            0            
1123         1765475811   999443063    0            0            
1100         1765475811   999505002    28860        0            
1101         1765475811   999505002    0            21963        
1115         1765475811   999505003    641421       4149652236   
1116         1765475811   999505004    29           876923450    
1203         1765475811   999544138    4294966726   988          
1201         1765475811   999544139    10           0            
1204         1765475812   1000630624   11453        10           
1202         1765475812   1000630624   11453        0            
1203         1765475812   1000727215   4294966724   999          
1125         1765475812   1000727216   23           0            
1126         1765475812   1000727217   0            0            
1126         1765475812   1000727218   1            0            
1108         1765475812   1000727218   104          0            
1217         1765475812   1000727223   31           0            
1218         1765475812   1000727223   0            0            
1215         1765475812   1000727226   1070000      1            
1217         1765475812   1000768371   31           0            
1218         1765475812   1000768372   0            0            
1001         1765475812   1000768375   1            0            
1002         1765475813   1001064196   0            0            
2021         1765475813   1001066995   13592        27567824     
1018         1765475813   1001261695   0            0            
1003         1765475813   1001261697   0            0            
1201         1765475813   1001261697   10           0            
1203         1765475813   1001348117   4294966724   993          
1013         1765475813   1001348118   0            0            
2021         1765475813   1001398638   28           27567776     
1014         1765475814   1002372356   0            0            
1203         1765475814   1002412405   4294966724   1000         
1125         1765475814   1002412406   23           0            
1117         1765475814   1002412555   3100         0            
1118         1765475814   1002431869   3564         0            
1119         1765475814   1002449727   0            0            
1120         1765475814   1002479382   4294939896   4294964235   
1121         1765475814   1002509018   0            0            
1122         1765475814   1002538672   4294939896   4294964235   
1123         1765475814   1002538674   0            0            
1100         1765475814   1002600613   28884        0            
1101         1765475814   1002600614   0            22460        
1115         1765475814   1002600614   633253       790861216    
1116         1765475814   1002600615   28           831938086    
1203         1765475814   1002639675   4294966725   995          
1201         1765475814   1002639676   10           0            
1204         1765475815   1003761941   11451        10           
1202         1765475815   1003761942   11451        0            
1203         1765475815   1003858532   4294966726   999          
1125         1765475815   1003858532   23           0            
1124         1765475815   1003858533   1            0            
1215         1765475816   1004140034   1070000      0            
1217         1765475816   1004182155   31           0            
1218         1765475816   1004182156   0            0            
1007         1765475816   1004182159   0            0            
1008         1765475816   1004477972   0            0            
1009         1765475816   1004477977   1070500      0            
1215         1765475816   1004477978   1070500      0            
1010         1765475816   1004477989   0            0            
2021         1765475816   1004479993   13596        27567824     
1018         1765475816   1004544621   1            0            
1217         1765475816   1004544633   31           0            
1218         1765475816   1004544633   0            0            
1007         1765475816   1004544636   0            0            
2021         1765475816   1004624263   28           27567776     
1008         1765475816   1004840321   0            0            
1009         1765475816   1004840325   1071000      0            
1215         1765475816   1004840326   1071000      0            
1010         1765475816   1004840337   0            0            
2021         1765475816   1004842494   13596        27567824     
1018         1765475817   1005049613   2            0            
1217         1765475817   1005049625   31           0            
1218         1765475817   1005049626   0            0            
1007         1765475817   1005049629   0            0            
2021         1765475817   1005236798   28           27567776     
1008         1765475817   1005345318   0            0            
1009         1765475817   1005345322   1071500      0            
1215         1765475817   1005345323   1071500      0            
1010         1765475817   1005345334   0            0            
2021         1765475817   1005431554   13596        27567824     
1018         1765475817   1005554686   3            0            
1217         1765475817   1005554698   31           0            
1218         1765475817   1005554699   0            0            
1007         1765475817   1005554702   0            0            
2021         1765475817   1005640694   28           27567776     
1008         1765475817   1005850389   0            0            
1009         1765475817   1005850393   1072000      0            
1215         1765475817   1005850394   1072000      0            
1010         1765475817   1005850405   0            0            
2021         1765475817   1005852508   13596        27567824     
1018         1765475818   1006059710   4            0            
1217         1765475818   1006059722   31           0            
1218         1765475818   1006059723   0            0            
1007         1765475818   1006059725   0            0            
2021         1765475818   1006238272   28           27567776     
1008         1765475818   1006355416   0            0            
1009         1765475818   1006355420   1072500      0            
1215         1765475818   1006355421   1072500      0            
1010         1765475818   1006355432   0            0            
2021         1765475818   1006357564   13596        27567824     
1018         1765475818   1006564845   5            0            
1217         1765475818   1006564857   31           0            
1218         1765475818   1006564858   0            0            
1007         1765475818   1006564860   0            0            
2021         1765475818   1006642080   28           27567776     
1008         1765475818   1006860548   0            0            
1009         1765475818   1006860552   1073000      0            
1215         1765475818   1006860553   1073000      0            
1010         1765475818   1006860564   0            0            
2021         1765475818   1006862644   13596        27567824     
1018         1765475819   1007069843   6            0            
1217         1765475819   1007069855   31           0            
1218         1765475819   1007069855   0            0            
1007         1765475819   1007069858   0            0            
2021         1765475819   1007142779   28           27567776     
1008         1765475819   1007365546   0            0            
1009         1765475819   1007365550   1073500      0            
1215         1765475819   1007365551   1073500      0            
1010         1765475819   1007365561   0            0            
2021         1765475819   1007450532   13596        27567824     
1018         1765475819   1007574891   7            0            
1217         1765475819   1007574902   31           0            
1218         1765475819   1007574903   0            0            
1007         1765475819   1007574906   0            0            
2021         1765475819   1007755517   28           27567776     
1008         1765475819   1007870592   0            0            
1009         1765475819   1007870596   1074000      0            
1215         1765475819   1007870597   1074000      0            
1010         1765475819   1007870608   0            0            
2021         1765475820   1007966305   13596        27567824     
1018         1765475820   1008079913   8            0            
1217         1765475820   1008079925   31           0            
1218         1765475820   1008079926   0            0            
1007         1765475820   1008079928   0            0            
2021         1765475820   1008159384   28           27567776     
1008         1765475820   1008375616   0            0            
1009         1765475820   1008375620   1074500      0            
1215         1765475820   1008375621   1074500      0            
1010         1765475820   1008375632   0            0            
2021         1765475820   1008563162   13596        27567824     
1018         1765475820   1008585025   9            0            
1217         1765475820   1008585036   31           0            
1218         1765475820   1008585037   0            0            
1007         1765475820   1008585040   0            0            
2021         1765475820   1008772217   28           27567776     
1008         1765475820   1008880735   0            0            
1009         1765475820   1008880740   1075000      0            
1215         1765475820   1008880740   1075000      0            
1010         1765475820   1008880751   0            0            
2021         1765475820   1008882857   13596        27567824     
1018         1765475821   1009090062   10           0            
1217         1765475821   1009090074   31           0            
1218         1765475821   1009090074   0            0            
1007         1765475821   1009090077   0            0            
2021         1765475821   1009272756   28           27567776     
1008         1765475821   1009385765   0            0            
1009         1765475821   1009385769   1075500      0            
1215         1765475821   1009385770   1075500      0            
1010         1765475821   1009385781   0            0            
2021         1765475821   1009467392   13596        27567824     
1018         1765475821   1009595082   11           0            
1217         1765475821   1009595094   31           0            
1218         1765475821   1009595094   0            0            
1007         1765475821   1009595097   0            0            
2021         1765475821   1009772610   28           27567776     
1008         1765475821   1009890784   0            0            
1009         1765475821   1009890788   1076000      0            
1215         1765475821   1009890789   1076000      0            
1010         1765475821   1009890800   0            0            
2021         1765475821   1009892933   13596        27567824     
1018         1765475822   1010100087   12           0            
1217         1765475822   1010100098   31           0            
1218         1765475822   1010100099   0            0            
1007         1765475822   1010100102   0            0            
2021         1765475822   1010288484   28           27567776     
1008         1765475822   1010395792   0            0            
1009         1765475822   1010395796   1076500      0            
1215         1765475822   1010395797   1076500      0            
1010         1765475822   1010395808   0            0            
2021         1765475822   1010481719   13596        27567824     
1018         1765475822   1010605168   13           0            
1217         1765475822   1010605180   31           0            
1218         1765475822   1010605181   0            0            
1007         1765475822   1010605183   0            0            
2021         1765475822   1010691176   28           27567776     
1008         1765475822   1010900871   0            0            
1009         1765475822   1010900875   1077000      0            
1215         1765475822   1010900876   1077000      0            
1010         1765475822   1010900887   0            0            
2021         1765475822   1010902862   13596        27567824     
1018         1765475823   1011110199   14           0            
1217         1765475823   1011110211   31           0            
1218         1765475823   1011110212   0            0            
1007         1765475823   1011110214   0            0            
2021         1765475823   1011287726   28           27567776     
1008         1765475823   1011405902   0            0            
1009         1765475823   1011405906   1077500      0            
1215         1765475823   1011405907   1077500      0            
1010         1765475823   1011405918   0            0            
2021         1765475823   1011591389   13596        27567824     
1018         1765475823   1011615269   15           0            
1217         1765475823   1011615281   31           0            
1218         1765475823   1011615281   0            0            
1007         1765475823   1011615284   0            0            
2021         1765475823   1011703687   28           27567776     
1008         1765475823   1011910975   0            0            
1009         1765475823   1011910979   1078000      0            
1215         1765475823   1011910980   1078000      0            
1010         1765475823   1011910991   0            0            
2021         1765475823   1011913046   13596        27567824     
1018         1765475824   1012120271   16           0            
1217         1765475824   1012120283   31           0            
1218         1765475824   1012120283   0            0            
1007         1765475824   1012120286   0            0            
2021         1765475824   1012169120   28           27567776     
1008         1765475824   1012415972   0            0            
1009         1765475824   1012415976   1078500      0            
1215         1765475824   1012415976   1078500      0            
1010         1765475824   1012415987   0            0            
2021         1765475824   1012472658   13596        27567824     
1018         1765475824   1012625370   17           0            
1217         1765475824   1012625382   31           0            
1218         1765475824   1012625383   0            0            
1007         1765475824   1012625386   0            0            
2021         1765475824   1012680930   28           27567776     
1008         1765475824   1012921075   0            0            
1009         1765475824   1012921079   1079000      0            
1215         1765475824   1012921080   1079000      0            
1010         1765475824   1012921090   0            0            
2021         1765475824   1012923153   13596        27567824     
1018         1765475825   1013130372   18           0            
1217         1765475825   1013130384   31           0            
1218         1765475825   1013130384   0            0            
1007         1765475825   1013130387   0            0            
2021         1765475825   1013179567   28           27567776     
1008         1765475825   1013426073   0            0            
1009         1765475825   1013426078   1079500      0            
1215         1765475825   1013426078   1079500      0            
1010         1765475825   1013426089   0            0            
2021         1765475825   1013482401   13596        27567824     
1018         1765475825   1013635450   19           0            
1217         1765475825   1013635462   31           0            
1218         1765475825   1013635463   0            0            
1007         1765475825   1013635466   0            0            
2021         1765475825   1013702707   28           27567776     
1008         1765475825   1013931151   0            0            
1009         1765475825   1013931155   1080000      0            
1215         1765475825   1013931156   1080000      0            
1010         1765475825   1013931167   0            0            
2021         1765475825   1013979028   13596        27567824     
1018         1765475826   1014140479   20           0            
1217         1765475826   1014140491   31           0            
1218         1765475826   1014140492   0            0            
1007         1765475826   1014140494   0            0            
2021         1765475826   1014186407   28           27567776     
1008         1765475826   1014436180   0            0            
1009         1765475826   1014436184   1080500      0            
1215         1765475826   1014436185   1080500      0            
1010         1765475826   1014436196   0            0            
2021         1765475826   1014485831   13596        27567824     
1018         1765475826   1014645398   21           0            
1217         1765475826   1014645409   31           0            
1218         1765475826   1014645410   0            0            
1007         1765475826   1014645413   0            0            
2021         1765475826   1014696142   28           27567776     
1008         1765475826   1014941099   0            0            
1009         1765475826   1014941103   1081000      0            
1215         1765475826   1014941104   1081000      0            
1010         1765475826   1014941115   0            0            
2021         1765475827   1014999591   13596        27567824     
1018         1765475827   1015150654   22           0            
1217         1765475827   1015150665   31           0            
1218         1765475827   1015150666   0            0            
1007         1765475827   1015150669   0            0            
2021         1765475827   1015192453   28           27567776     
1008         1765475827   1015446360   0            0            
1009         1765475827   1015446364   1081500      0            
1215         1765475827   1015446365   1081500      0            
1010         1765475827   1015446376   0            0            
2021         1765475827   1015500450   13596        27567824     
1018         1765475827   1015655716   23           0            
1217         1765475827   1015655728   31           0            
1218         1765475827   1015655728   0            0            
1007         1765475827   1015655731   0            0            
2021         1765475827   1015705599   28           27567776     
1008         1765475827   1015951418   0            0            
1009         1765475827   1015951422   1082000      0            
1215         1765475827   1015951423   1082000      0            
1010         1765475827   1015951434   0            0            
2021         1765475827   1015996345   13596        27567824     
1018         1765475828   1016160750   24           0            
1217         1765475828   1016160762   31           0            
1218         1765475828   1016160762   0            0            
1007         1765475828   1016160765   0            0            
2021         1765475828   1016202203   28           27567776     
1008         1765475828   1016456458   0            0            
1009         1765475828   1016456462   1082500      0            
1215         1765475828   1016456463   1082500      0            
1010         1765475828   1016456474   0            0            
2021         1765475828   1016499545   13596        27567824     
1018         1765475828   1016665687   25           0            
1217         1765475828   1016665699   31           0            
1218         1765475828   1016665700   0            0            
1007         1765475828   1016665702   0            0            
2021         1765475828   1016719355   28           27567776     
1008         1765475828   1016961394   0            0            
1009         1765475828   1016961399   1083000      0            
1215         1765475828   1016961399   1083000      0            
1010         1765475828   1016961410   0            0            
2021         1765475828   1017008888   13596        27567824     
1018         1765475829   1017170855   26           0            
1217         1765475829   1017170867   31           0            
1218         1765475829   1017170867   0            0            
1007         1765475829   1017170870   0            0            
2021         1765475829   1017214887   28           27567776     
1008         1765475829   1017466557   0            0            
1009         1765475829   1017466561   1083500      0            
1215         1765475829   1017466562   1083500      0            
1010         1765475829   1017466573   0            0            
2021         1765475829   1017468758   13596        27567824     
1018         1765475829   1017675907   27           0            
1217         1765475829   1017675918   31           0            
1218         1765475829   1017675919   0            0            
1007         1765475829   1017675922   0            0            
2021         1765475829   1017731295   28           27567776     
1008         1765475829   1017971608   0            0            
1009         1765475829   1017971612   1084000      0            
1215         1765475829   1017971613   1084000      0            
1010         1765475829   1017971624   0            0            
2021         1765475829   1017973808   13596        27567824     
1018         1765475830   1018180935   28           0            
1217         1765475830   1018180947   31           0            
1218         1765475830   1018180947   0            0            
1007         1765475830   1018180950   0            0            
2021         1765475830   1018225830   28           27567776     
1008         1765475830   1018476640   0            0            
1009         1765475830   1018476645   1084500      0            
1215         1765475830   1018476645   1084500      0            
1010         1765475830   1018476656   0            0            
2021         1765475830   1018526368   13596        27567824     
1018         1765475830   1018686055   29           0            
1217         1765475830   1018686066   31           0            
1218         1765475830   1018686067   0            0            
1007         1765475830   1018686070   0            0            
2021         1765475830   1018730433   28           27567776     
1008         1765475830   1018981756   0            0            
1009         1765475830   1018981760   1085000      0            
1215         1765475830   1018981761   1085000      0            
1010         1765475830   1018981772   0            0            
2021         1765475830   1019026376   13596        27567824     
1018         1765475831   1019190964   30           0            
1217         1765475831   1019190976   31           0            
1218         1765475831   1019190976   0            0            
1007         1765475831   1019190979   0            0            
2021         1765475831   1019245321   28           27567776     
1008         1765475831   1019486665   0            0            
1009         1765475831   1019486669   1085500      0            
1215         1765475831   1019486670   1085500      0            
1010         1765475831   1019486681   0            0            
2021         1765475831   1019488891   13596        27567824     
1018         1765475831   1019696058   31           0            
1217         1765475831   1019696070   31           0            
1218         1765475831   1019696071   0            0            
1007         1765475831   1019696074   0            0            
2021         1765475831   1019743532   28           27567776     
1008         1765475831   1019991759   0            0            
1009         1765475831   1019991764   1086000      0            
1215         1765475831   1019991764   1086000      0            
1010         1765475831   1019991775   0            0            
2021         1765475831   1019993831   13596        27567824     
1018         1765475832   1020201129   32           0            
1217         1765475832   1020201141   31           0            
1218         1765475832   1020201141   0            0            
1007         1765475832   1020201144   0            0            
2021         1765475832   1020251872   28           27567776     
1008         1765475832   1020496831   0            0            
1009         1765475832   1020496835   1086500      0            
1215         1765475832   1020496836   1086500      0            
1010         1765475832   1020496847   0            0            
2021         1765475832   1020544796   13596        27567824     
1018         1765475832   1020706268   33           0            
1217         1765475832   1020706280   31           0            
1218         1765475832   1020706280   0            0            
1007         1765475832   1020706283   0            0            
2021         1765475832   1020749098   28           27567776     
1008         1765475832   1021001977   0            0            
1009         1765475832   1021001981   1087000      0            
1215         1765475832   1021001982   1087000      0            
1010         1765475832   1021001992   0            0            
2021         1765475832   1021004150   13596        27567824     
1018         1765475833   1021211267   34           0            
1217         1765475833   1021211279   31           0            
1218         1765475833   1021211279   0            0            
1007         1765475833   1021211282   0            0            
2021         1765475833   1021253582   28           27567776     
1008         1765475833   1021506972   0            0            
1009         1765475833   1021506976   1087500      0            
1215         1765475833   1021506977   1087500      0            
1010         1765475833   1021506988   0            0            
2021         1765475833   1021551767   13596        27567824     
1018         1765475833   1021716312   35           0            
1217         1765475833   1021716324   31           0            
1218         1765475833   1021716324   0            0            
1007         1765475833   1021716327   0            0            
2021         1765475833   1021767575   28           27567776     
1008         1765475833   1022012021   0            0            
1009         1765475833   1022012025   1088000      0            
1215         1765475833   1022012026   1088000      0            
1010         1765475833   1022012037   0            0            
2021         1765475833   1022057403   13596        27567824     
1018         1765475834   1022221412   36           0            
1217         1765475834   1022221423   31           0            
1218         1765475834   1022221424   0            0            
1007         1765475834   1022221427   0            0            
2021         1765475834   1022276972   28           27567776     
1008         1765475834   1022517114   0            0            
1009         1765475834   1022517119   1088500      0            
1215         1765475834   1022517119   1088500      0            
1010         1765475834   1022517130   0            0            
2021         1765475834   1022561382   13596        27567824     
1018         1765475834   1022726434   37           0            
1217         1765475834   1022726446   31           0            
1218         1765475834   1022726446   0            0            
1007         1765475834   1022726449   0            0            
2021         1765475834   1022768232   28           27567776     
1008         1765475834   1023022139   0            0            
1009         1765475834   1023022143   1089000      0            
1215         1765475834   1023022144   1089000      0            
1010         1765475834   1023022155   0            0            
2021         1765475834   1023024317   13596        27567824     
1018         1765475835   1023231458   38           0            
1217         1765475835   1023231470   31           0            
1218         1765475835   1023231471   0            0            
1007         1765475835   1023231474   0            0            
2021         1765475835   1023277556   28           27567776     
1008         1765475835   1023527164   0            0            
1009         1765475835   1023527168   1089500      0            
1215         1765475835   1023527169   1089500      0            
1010         1765475835   1023527180   0            0            
2021         1765475835   1023529338   13596        27567824     
1018         1765475835   1023736482   39           0            
1217         1765475835   1023736494   31           0            
1218         1765475835   1023736495   0            0            
1007         1765475835   1023736498   0            0            
2021         1765475835   1023780861   28           27567776     
1008         1765475835   1024032190   0            0            
1009         1765475835   1024032194   1090000      0            
1215         1765475835   1024032194   1090000      0            
1010         1765475835   1024032205   0            0            
2021         1765475835   1024081948   13596        27567824     
1018         1765475836   1024241597   40           0            
1217         1765475836   1024241609   31           0            
1218         1765475836   1024241609   0            0            
1007         1765475836   1024241612   0            0            
2021         1765475836   1024286834   28           27567776     
1008         1765475836   1024537296   0            0            
1009         1765475836   1024537300   1090500      0            
1215         1765475836   1024537301   1090500      0            
1010         1765475836   1024537312   0            0            
2021         1765475836   1024588092   13596        27567824     
1018         1765475836   1024746545   41           0            
1217         1765475836   1024746557   31           0            
1218         1765475836   1024746557   0            0            
1007         1765475836   1024746560   0            0            
2021         1765475836   1024795912   28           27567776     
1008         1765475836   1025042251   0            0            
1009         1765475836   1025042255   1091000      0            
1215         1765475836   1025042255   1091000      0            
1010         1765475836   1025042266   0            0            
2021         1765475837   1025101000   13596        27567824     
1018         1765475837   1025251712   42           0            
1217         1765475837   1025251724   31           0            
1218         1765475837   1025251724   0            0            
1007         1765475837   1025251727   0            0            
2021         1765475837   1025304520   28           27567776     
1008         1765475837   1025547417   0            0            
1009         1765475837   1025547421   1091500      0            
1215         1765475837   1025547422   1091500      0            
1010         1765475837   1025547433   0            0            
2021         1765475837   1025605110   13596        27567824     
1018         1765475837   1025756691   43           0            
1217         1765475837   1025756703   31           0            
1218         1765475837   1025756703   0            0            
1007         1765475837   1025756706   0            0            
2021         1765475837   1025811392   28           27567776     
1008         1765475837   1026052396   0            0            
1009         1765475837   1026052400   1092000      0            
1215         1765475837   1026052400   1092000      0            
1010         1765475837   1026052411   0            0            
2021         1765475837   1026103528   13596        27567824     
1018         1765475838   1026261818   44           0            
1217         1765475838   1026261830   31           0            
1218         1765475838   1026261831   0            0            
1007         1765475838   1026261833   0            0            
2021         1765475838   1026306885   28           27567776     
1008         1765475838   1026557523   0            0            
1009         1765475838   1026557527   1092500      0            
1215         1765475838   1026557528   1092500      0            
1010         1765475838   1026557539   0            0            
2021         1765475838   1026609520   13596        27567824     
1018         1765475838   1026766748   45           0            
1217         1765475838   1026766760   31           0            
1218         1765475838   1026766761   0            0            
1007         1765475838   1026766764   0            0            
2021         1765475838   1026813364   28           27567776     
1008         1765475838   1027062452   0            0            
1009         1765475838   1027062456   1093000      0            
1215         1765475838   1027062457   1093000      0            
1010         1765475838   1027062468   0            0            
2021         1765475838   1027064649   13596        27567824     
1018         1765475839   1027271922   46           0            
1217         1765475839   1027271934   31           0            
1218         1765475839   1027271934   0            0            
1007         1765475839   1027271937   0            0            
2021         1765475839   1027326278   28           27567776     
1008         1765475839   1027567624   0            0            
1009         1765475839   1027567628   1093500      0            
1215         1765475839   1027567629   1093500      0            
1010         1765475839   1027567640   0            0            
2021         1765475839   1027612127   13596        27567824     
1018         1765475839   1027776976   47           0            
1217         1765475839   1027776988   31           0            
1218         1765475839   1027776989   0            0            
1007         1765475839   1027776991   0            0            
2021         1765475839   1027832707   28           27567776     
1008         1765475839   1028072678   0            0            
1009         1765475839   1028072682   1094000      0            
1215         1765475839   1028072683   1094000      0            
1010         1765475839   1028072694   0            0            
2021         1765475839   1028074876   13596        27567824     
1018         1765475840   1028281952   48           0            
1217         1765475840   1028281963   31           0            
1218         1765475840   1028281964   0            0            
1007         1765475840   1028281967   0            0            
2021         1765475840   1028323060   28           27567776     
1008         1765475840   1028577652   0            0            
1009         1765475840   1028577656   1094500      0            
1215         1765475840   1028577657   1094500      0            
1010         1765475840   1028577668   0            0            
2021         1765475840   1028622050   13596        27567824     
1018         1765475840   1028786952   49           0            
1217         1765475840   1028786964   31           0            
1218         1765475840   1028786965   0            0            
1007         1765475840   1028786967   0            0            
2021         1765475840   1028831847   28           27567776     
1008         1765475840   1029082657   0            0            
1009         1765475840   1029082661   1095000      0            
1215         1765475840   1029082661   1095000      0            
1010         1765475840   1029082672   0            0            
2021         1765475840   1029127911   13596        27567824     
1018         1765475841   1029292038   50           0            
1217         1765475841   1029292050   31           0            
1218         1765475841   1029292051   0            0            
1007         1765475841   1029292054   0            0            
2021         1765475841   1029334523   28           27567776     
1008         1765475841   1029587748   0            0            
1009         1765475841   1029587752   1095500      0            
1215         1765475841   1029587753   1095500      0            
1010         1765475841   1029587763   0            0            
2021         1765475841   1029589948   13596        27567824     
1018         1765475841   1029797103   51           0            
1217         1765475841   1029797115   31           0            
1218         1765475841   1029797115   0            0            
1007         1765475841   1029797118   0            0            
2021         1765475841   1029847330   28           27567776     
1008         1765475841   1030092803   0            0            
1009         1765475841   1030092807   1096000      0            
1215         1765475841   1030092808   1096000      0            
1010         1765475841   1030092819   0            0            
2021         1765475841   1030094948   13596        27567824     
1018         1765475842   1030302192   52           0            
1217         1765475842   1030302203   31           0            
1218         1765475842   1030302204   0            0            
1007         1765475842   1030302207   0            0            
2021         1765475842   1030342956   28           27567776     
1008         1765475842   1030597893   0            0            
1009         1765475842   1030597897   1096500      0            
1215         1765475842   1030597898   1096500      0            
1010         1765475842   1030597909   0            0            
2021         1765475842   1030645499   13596        27567824     
1018         1765475842   1030807320   53           0            
1217         1765475842   1030807332   31           0            
1218         1765475842   1030807333   0            0            
1007         1765475842   1030807335   0            0            
2021         1765475842   1030848258   28           27567776     
1008         1765475842   1031103022   0            0            
1009         1765475842   1031103026   1097000      0            
1215         1765475842   1031103027   1097000      0            
1010         1765475842   1031103038   0            0            
2021         1765475842   1031153512   13596        27567824     
1018         1765475843   1031312294   54           0            
1217         1765475843   1031312305   31           0            
1218         1765475843   1031312306   0            0            
1007         1765475843   1031312309   0            0            
2021         1765475843   1031359081   28           27567776     
1008         1765475843   1031607995   0            0            
1009         1765475843   1031607999   1097500      0            
1215         1765475843   1031608000   1097500      0            
1010         1765475843   1031608011   0            0            
2021         1765475843   1031662515   13596        27567824     
1018         1765475843   1031817275   55           0            
1217         1765475843   1031817287   31           0            
1218         1765475843   1031817287   0            0            
1007         1765475843   1031817290   0            0            
2021         1765475843   1031870252   28           27567776     
1008         1765475843   1032112975   0            0            
1009         1765475843   1032112979   1098000      0            
1215         1765475843   1032112980   1098000      0            
1010         1765475843   1032112991   0            0            
2021         1765475843   1032115152   13596        27567824     
1018         1765475844   1032322360   56           0            
1217         1765475844   1032322372   31           0            
1218         1765475844   1032322373   0            0            
1007         1765475844   1032322375   0            0            
2021         1765475844   1032377746   28           27567776     
1008         1765475844   1032618060   0            0            
1009         1765475844   1032618064   1098500      0            
1215         1765475844   1032618065   1098500      0            
1010         1765475844   1032618076   0            0            
2021         1765475844   1032665458   13596        27567824     
1018         1765475844   1032827470   57           0            
1217         1765475844   1032827482   31           0            
1218         1765475844   1032827483   0            0            
1007         1765475844   1032827485   0            0            
2021         1765475844   1032872882   28           27567776     
1008         1765475844   1033123179   0            0            
1009         1765475844   1033123183   1099000      0            
1215         1765475844   1033123184   1099000      0            
1010         1765475844   1033123195   0            0            
2021         1765475844   1033125327   13596        27567824     
1018         1765475845   1033332496   58           0            
1217         1765475845   1033332507   31           0            
1218         1765475845   1033332508   0            0            
1007         1765475845   1033332511   0            0            
2021         1765475845   1033386680   28           27567776     
1008         1765475845   1033628198   0            0            
1009         1765475845   1033628202   1099500      0            
1215         1765475845   1033628203   1099500      0            
1010         1765475845   1033628214   0            0            
2021         1765475845   1033672026   13596        27567824     
1018         1765475845   1033837506   59           0            
1217         1765475845   1033837517   31           0            
1218         1765475845   1033837518   0            0            
1007         1765475845   1033837521   0            0            
2021         1765475845   1033892209   28           27567776     
1008         1765475845   1034133211   0            0            
1009         1765475845   1034133216   1100000      0            
1215         1765475845   1034133216   1100000      0            
1010         1765475845   1034133227   0            0            
2021         1765475845   1034135391   13596        27567824     
1018         1765475846   1034342599   60           0            
1217         1765475846   1034342611   31           0            
1218         1765475846   1034342612   0            0            
1007         1765475846   1034342615   0            0            
2021         1765475846   1034389215   28           27567776     
1008         1765475846   1034638301   0            0            
1009         1765475846   1034638305   1100500      0            
1215         1765475846   1034638306   1100500      0            
1010         1765475846   1034638317   0            0            
2021         1765475846   1034640474   13596        27567824     
1018         1765475846   1034847657   61           0            
1217         1765475846   1034847669   31           0            
1218         1765475846   1034847670   0            0            
1007         1765475846   1034847672   0            0            
2021         1765475846   1034897711   28           27567776     
1008         1765475846   1035143354   0            0            
1009         1765475846   1035143358   1101000      0            
1215         1765475846   1035143359   1101000      0            
1010         1765475846   1035143369   0            0            
2021         1765475846   1035145527   13596        27567824     
1018         1765475847   1035352698   62           0            
1217         1765475847   1035352710   31           0            
1218         1765475847   1035352710   0            0            
1007         1765475847   1035352713   0            0            
2021         1765475847   1035396388   28           27567776     
1008         1765475847   1035648400   0            0            
1009         1765475847   1035648405   1101500      0            
1215         1765475847   1035648405   1101500      0            
1010         1765475847   1035648416   0            0            
2021         1765475847   1035650527   13596        27567824     
1018         1765475847   1035857724   63           0            
1217         1765475847   1035857736   31           0            
1218         1765475847   1035857736   0            0            
1007         1765475847   1035857739   0            0            
2021         1765475847   1035913111   28           27567776     
1008         1765475847   1036153421   0            0            
1009         1765475847   1036153426   1102000      0            
1215         1765475847   1036153426   1102000      0            
1010         1765475847   1036153437   0            0            
2021         1765475847   1036155628   13596        27567824     
1018         1765475848   1036362775   64           0            
1217         1765475848   1036362787   31           0            
1218         1765475848   1036362787   0            0            
1007         1765475848   1036362790   0            0            
2021         1765475848   1036409390   28           27567776     
1008         1765475848   1036658475   0            0            
1009         1765475848   1036658479   1102500      0            
1215         1765475848   1036658480   1102500      0            
1010         1765475848   1036658491   0            0            
2021         1765475848   1036706125   13596        27567824     
1018         1765475848   1036867856   65           0            
1217         1765475848   1036867868   31           0            
1218         1765475848   1036867868   0            0            
1007         1765475848   1036867871   0            0            
2021         1765475848   1036913610   28           27567776     
1008         1765475848   1037163561   0            0            
1009         1765475848   1037163565   1103000      0            
1215         1765475848   1037163566   1103000      0            
1010         1765475848   1037163577   0            0            
2021         1765475848   1037165656   13596        27567824     
1018         1765475849   1037372965   66           0            
1217         1765475849   1037372977   31           0            
1218         1765475849   1037372978   0            0            
1007         1765475849   1037372980   0            0            
2021         1765475849   1037423191   28           27567776     
1008         1765475849   1037668666   0            0            
1009         1765475849   1037668671   1103500      0            
1215         1765475849   1037668671   1103500      0            
1010         1765475849   1037668682   0            0            
2021         1765475849   1037726287   13596        27567824     
1018         1765475849   1037877874   67           0            
1217         1765475849   1037877886   31           0            
1218         1765475849   1037877886   0            0            
1007         1765475849   1037877889   0            0            
2021         1765475849   1037933090   28           27567776     
1008         1765475849   1038173572   0            0            
1009         1765475849   1038173576   1104000      0            
1215         1765475849   1038173577   1104000      0            
1010         1765475849   1038173588   0            0            
2021         1765475849   1038175670   13596        27567824     
1018         1765475850   1038382929   68           0            
1217         1765475850   1038382941   31           0            
1218         1765475850   1038382941   0            0            
1007         1765475850   1038382944   0            0            
2021         1765475850   1038436768   28           27567776     
1008         1765475850   1038678627   0            0            
1009         1765475850   1038678631   1104500      0            
1215         1765475850   1038678632   1104500      0            
1010         1765475850   1038678643   0            0            
2021         1765475850   1038680803   13596        27567824     
1018         1765475850   1038887986   69           0            
1217         1765475850   1038887998   31           0            
1218         1765475850   1038887999   0            0            
1007         1765475850   1038888001   0            0            
2021         1765475850   1038932368   28           27567776     
1008         1765475850   1039183699   0            0            
1009         1765475850   1039183703   1105000      0            
1215         1765475850   1039183704   1105000      0            
1010         1765475850   1039183715   0            0            
2021         1765475850   1039185848   13596        27567824     
1018         1765475851   1039393082   70           0            
1217         1765475851   1039393094   31           0            
1218         1765475851   1039393094   0            0            
1007         1765475851   1039393097   0            0            
2021         1765475851   1039442106   28           27567776     
1008         1765475851   1039688784   0            0            
1009         1765475851   1039688788   1105500      0            
1215         1765475851   1039688789   1105500      0            
1010         1765475851   1039688800   0            0            
2021         1765475851   1039744187   13596        27567824     
1018         1765475851   1039898143   71           0            
1217         1765475851   1039898155   31           0            
1218         1765475851   1039898155   0            0            
1007         1765475851   1039898158   0            0            
2021         1765475851   1039952157   28           27567776     
1008         1765475851   1040193847   0            0            
1009         1765475851   1040193851   1106000      0            
1215         1765475851   1040193852   1106000      0            
1010         1765475851   1040193863   0            0            
2021         1765475851   1040196052   13596        27567824     
1018         1765475852   1040403127   72           0            
1217         1765475852   1040403139   31           0            
1218         1765475852   1040403139   0            0            
1007         1765475852   1040403142   0            0            
2021         1765475852   1040444753   28           27567776     
1008         1765475852   1040698828   0            0            
1009         1765475852   1040698833   1106500      0            
1215         1765475852   1040698833   1106500      0            
1010         1765475852   1040698844   0            0            
2021         1765475852   1040749071   13596        27567824     
1018         1765475852   1040908282   73           0            
1217         1765475852   1040908293   31           0            
1218         1765475852   1040908294   0            0            
1007         1765475852   1040908297   0            0            
2021         1765475852   1040953346   28           27567776     
1008         1765475852   1041203981   0            0            
1009         1765475852   1041203985   1107000      0            
1215         1765475852   1041203985   1107000      0            
1010         1765475852   1041203996   0            0            
2021         1765475852   1041206210   13596        27567824     
1018         1765475853   1041413314   74           0            
1217         1765475853   1041413326   31           0            
1218         1765475853   1041413327   0            0            
1007         1765475853   1041413330   0            0            
2021         1765475853   1041464576   28           27567776     
1008         1765475853   1041709020   0            0            
1009         1765475853   1041709024   1107500      0            
1215         1765475853   1041709025   1107500      0            
1010         1765475853   1041709036   0            0            
2021         1765475853   1041766365   13596        27567824     
1018         1765475853   1041918312   75           0            
1217         1765475853   1041918324   31           0            
1218         1765475853   1041918324   0            0            
1007         1765475853   1041918327   0            0            
2021         1765475853   1041973014   28           27567776     
1008         1765475853   1042214020   0            0            
1009         1765475853   1042214024   1108000      0            
1215         1765475853   1042214025   1108000      0            
1010         1765475853   1042214036   0            0            
2021         1765475853   1042262351   13596        27567824     
1018         1765475854   1042423406   76           0            
1217         1765475854   1042423418   31           0            
1218         1765475854   1042423419   0            0            
1007         1765475854   1042423422   0            0            
2021         1765475854   1042469849   28           27567776     
1008         1765475854   1042719107   0            0            
1009         1765475854   1042719112   1108500      0            
1215         1765475854   1042719112   1108500      0            
1010         1765475854   1042719123   0            0            
2021         1765475854   1042721263   13596        27567824     
1018         1765475854   1042928440   77           0            
1217         1765475854   1042928452   31           0            
1218         1765475854   1042928453   0            0            
1007         1765475854   1042928455   0            0            
2021         1765475854   1042974368   28           27567776     
1008         1765475854   1043224150   0            0            
1009         1765475854   1043224155   1109000      0            
1215         1765475854   1043224155   1109000      0            
1010         1765475854   1043224166   0            0            
2021         1765475854   1043226328   13596        27567824     
1018         1765475855   1043433471   78           0            
1217         1765475855   1043433483   31           0            
1218         1765475855   1043433484   0            0            
1007         1765475855   1043433486   0            0            
2021         1765475855   1043484905   28           27567776     
1008         1765475855   1043729174   0            0            
1009         1765475855   1043729178   1109500      0            
1215         1765475855   1043729179   1109500      0            
1010         1765475855   1043729190   0            0            
2021         1765475855   1043785638   13596        27567824     
1018         1765475855   1043938499   79           0            
1217         1765475855   1043938511   31           0            
1218         1765475855   1043938511   0            0            
1007         1765475855   1043938514   0            0            
2021         1765475855   1043995436   28           27567776     
1008         1765475855   1044234205   0            0            
1009         1765475855   1044234209   1110000      0            
1215         1765475855   1044234210   1110000      0            
1010         1765475855   1044234221   0            0            
2021         1765475855   1044283954   13596        27567824     
1018         1765475856   1044443534   80           0            
1217         1765475856   1044443546   31           0            
1218         1765475856   1044443547   0            0            
1007         1765475856   1044443549   0            0            
2021         1765475856   1044489118   28           27567776     
1008         1765475856   1044739238   0            0            
1009         1765475856   1044739242   1110500      0            
1215         1765475856   1044739243   1110500      0            
1010         1765475856   1044739253   0            0            
2021         1765475856   1044792362   13596        27567824     
1018         1765475856   1044948675   81           0            
1217         1765475856   1044948686   31           0            
1218         1765475856   1044948687   0            0            
1007         1765475856   1044948690   0            0            
2021         1765475856   1044994946   28           27567776     
1008         1765475856   1045244379   0            0            
1009         1765475856   1045244383   1111000      0            
1215         1765475856   1045244384   1111000      0            
1010         1765475856   1045244395   0            0            
2021         1765475856   1045246475   13596        27567824     
1018         1765475857   1045453727   82           0            
1217         1765475857   1045453739   31           0            
1218         1765475857   1045453739   0            0            
1007         1765475857   1045453742   0            0            
2021         1765475857   1045505160   28           27567776     
1008         1765475857   1045749429   0            0            
1009         1765475857   1045749433   1111500      0            
1215         1765475857   1045749434   1111500      0            
1010         1765475857   1045749445   0            0            
2021         1765475857   1045751633   13596        27567824     
1018         1765475857   1045958762   83           0            
1217         1765475857   1045958774   31           0            
1218         1765475857   1045958775   0            0            
1007         1765475857   1045958778   0            0            
2021         1765475857   1046013809   28           27567776     
1008         1765475857   1046254471   0            0            
1009         1765475857   1046254476   1112000      0            
1215         1765475857   1046254476   1112000      0            
1010         1765475857   1046254487   0            0            
2021         1765475857   1046304960   13596        27567824     
1018         1765475858   1046463760   84           0            
1217         1765475858   1046463772   31           0            
1218         1765475858   1046463772   0            0            
1007         1765475858   1046463775   0            0            
2021         1765475858   1046517774   28           27567776     
1008         1765475858   1046759465   0            0            
1009         1765475858   1046759470   1112500      0            
1215         1765475858   1046759470   1112500      0            
1010         1765475858   1046759481   0            0            
2021         1765475858   1046761535   13596        27567824     
1018         1765475858   1046968925   85           0            
1217         1765475858   1046968937   31           0            
1218         1765475858   1046968938   0            0            
1007         1765475858   1046968941   0            0            
2021         1765475858   1047024656   28           27567776     
1008         1765475858   1047264622   0            0            
1009         1765475858   1047264626   1113000      0            
1215         1765475858   1047264627   1113000      0            
1010         1765475858   1047264638   0            0            
2021         1765475858   1047266744   13596        27567824     
1018         1765475859   1047473912   86           0            
1217         1765475859   1047473923   31           0            
1218         1765475859   1047473924   0            0            
1007         1765475859   1047473927   0            0            
2021         1765475859   1047523624   28           27567776     
1008         1765475859   1047769610   0            0            
1009         1765475859   1047769614   1113500      0            
1215         1765475859   1047769615   1113500      0            
1010         1765475859   1047769626   0            0            
2021         1765475859   1047812647   13596        27567824     
1018         1765475859   1047978977   87           0            
1217         1765475859   1047978989   31           0            
1218         1765475859   1047978989   0            0            
1007         1765475859   1047978992   0            0            
2021         1765475859   1048020949   28           27567776     
1008         1765475859   1048274682   0            0            
1009         1765475859   1048274686   1114000      0            
1215         1765475859   1048274686   1114000      0            
1010         1765475859   1048274697   0            0            
2021         1765475859   1048276860   13596        27567824     
1018         1765475860   1048484074   88           0            
1217         1765475860   1048484086   31           0            
1218         1765475860   1048484086   0            0            
1007         1765475860   1048484089   0            0            
2021         1765475860   1048535677   28           27567776     
1008         1765475860   1048779769   0            0            
1009         1765475860   1048779773   1114500      0            
1215         1765475860   1048779774   1114500      0            
1010         1765475860   1048779785   0            0            
2021         1765475860   1048781922   13596        27567824     
1018         1765475860   1048989057   89           0            
1217         1765475860   1048989068   31           0            
1218         1765475860   1048989069   0            0            
1007         1765475860   1048989072   0            0            
2021         1765475860   1049031546   28           27567776     
1008         1765475860   1049284765   0            0            
1009         1765475860   1049284769   1115000      0            
1215         1765475860   1049284770   1115000      0            
1010         1765475860   1049284781   0            0            
2021         1765475860   1049338663   13596        27567824     
1018         1765475861   1049494129   90           0            
1217         1765475861   1049494141   31           0            
1218         1765475861   1049494141   0            0            
1007         1765475861   1049494144   0            0            
2021         1765475861   1049542293   28           27567776     
1008         1765475861   1049789835   0            0            
1009         1765475861   1049789839   1115500      0            
1215         1765475861   1049789840   1115500      0            
1010         1765475861   1049789851   0            0            
2021         1765475861   1049846459   13596        27567824     
1018         1765475861   1049999147   91           0            
1217         1765475861   1049999159   31           0            
1218         1765475861   1049999160   0            0            
1007         1765475861   1049999163   0            0            
2021         1765475861   1050054366   28           27567776     
1008         1765475861   1050294849   0            0            
1009         1765475861   1050294853   1116000      0            
1215         1765475861   1050294854   1116000      0            
1010         1765475861   1050294865   0            0            
2021         1765475861   1050340377   13596        27567824     
1018         1765475862   1050504244   92           0            
1217         1765475862   1050504256   31           0            
1218         1765475862   1050504257   0            0            
1007         1765475862   1050504259   0            0            
2021         1765475862   1050546044   28           27567776     
1008         1765475862   1050799946   0            0            
1009         1765475862   1050799950   1116500      0            
1215         1765475862   1050799951   1116500      0            
1010         1765475862   1050799962   0            0            
2021         1765475862   1050802075   13596        27567824     
1018         1765475862   1051009279   93           0            
1217         1765475862   1051009291   31           0            
1218         1765475862   1051009291   0            0            
1007         1765475862   1051009294   0            0            
2021         1765475862   1051060196   28           27567776     
1008         1765475862   1051304985   0            0            
1009         1765475862   1051304989   1117000      0            
1215         1765475862   1051304990   1117000      0            
1010         1765475862   1051305001   0            0            
2021         1765475862   1051307106   13596        27567824     
1018         1765475863   1051514307   94           0            
1217         1765475863   1051514319   31           0            
1218         1765475863   1051514319   0            0            
1007         1765475863   1051514322   0            0            
2021         1765475863   1051555937   28           27567776     
1008         1765475863   1051810014   0            0            
1009         1765475863   1051810018   1117500      0            
1215         1765475863   1051810019   1117500      0            
1010         1765475863   1051810030   0            0            
2021         1765475863   1051867784   13596        27567824     
1018         1765475863   1052019395   95           0            
1217         1765475863   1052019407   31           0            
1218         1765475863   1052019407   0            0            
1007         1765475863   1052019410   0            0            
2021         1765475863   1052059991   28           27567776     
1008         1765475863   1052315102   0            0            
1009         1765475863   1052315106   1118000      0            
1215         1765475863   1052315107   1118000      0            
1010         1765475863   1052315118   0            0            
2021         1765475863   1052362330   13596        27567824     
1018         1765475864   1052524418   96           0            
1217         1765475864   1052524430   31           0            
1218         1765475864   1052524431   0            0            
1007         1765475864   1052524433   0            0            
2021         1765475864   1052566734   28           27567776     
1008         1765475864   1052820122   0            0            
1009         1765475864   1052820127   1118500      0            
1215         1765475864   1052820127   1118500      0            
1010         1765475864   1052820138   0            0            
2021         1765475864   1052822322   13596        27567824     
1018         1765475864   1053029470   97           0            
1217         1765475864   1053029482   31           0            
1218         1765475864   1053029482   0            0            
1007         1765475864   1053029485   0            0            
2021         1765475864   1053072129   28           27567776     
1008         1765475864   1053325173   0            0            
1009         1765475864   1053325177   1119000      0            
1215         1765475864   1053325178   1119000      0            
1010         1765475864   1053325189   0            0            
2021         1765475864   1053327270   13596        27567824     
1018         1765475865   1053534561   98           0            
1217         1765475865   1053534573   31           0            
1218         1765475865   1053534574   0            0            
1007         1765475865   1053534576   0            0            
2021         1765475865   1053580833   28           27567776     
1008         1765475865   1053830266   0            0            
1009         1765475865   1053830271   1119500      0            
1215         1765475865   1053830271   1119500      0            
1010         1765475865   1053830282   0            0            
2021         1765475865   1053884164   13596        27567824     
1018         1765475865   1054039563   99           0            
1217         1765475865   1054039575   31           0            
1218         1765475865   1054039576   0            0            
1007         1765475865   1054039578   0            0            
2021         1765475865   1054089274   28           27567776     
1008         1765475865   1054335265   0            0            
1009         1765475865   1054335269   1120000      0            
1215         1765475865   1054335270   1120000      0            
1010         1765475865   1054335281   0            0            
2021         1765475865   1054392454   13596        27567824     
1018         1765475866   1054544678   100          0            
1217         1765475866   1054544690   31           0            
1218         1765475866   1054544691   0            0            
1007         1765475866   1054544693   0            0            
2021         1765475866   1054595766   28           27567776     
1008         1765475866   1054840384   0            0            
1009         1765475866   1054840389   1120500      0            
1215         1765475866   1054840389   1120500      0            
1010         1765475866   1054840400   0            0            
2021         1765475866   1054887937   13596        27567824     
1018         1765475866   1055049710   101          0            
1217         1765475866   1055049722   31           0            
1218         1765475866   1055049722   0            0            
1007         1765475866   1055049725   0            0            
2021         1765475866   1055095467   28           27567776     
1008         1765475866   1055345421   0            0            
1009         1765475866   1055345425   1121000      0            
1215         1765475866   1055345426   1121000      0            
1010         1765475866   1055345437   0            0            
2021         1765475866   1055347622   13596        27567824     
1018         1765475867   1055554755   102          0            
1217         1765475867   1055554767   31           0            
1218         1765475867   1055554767   0            0            
1007         1765475867   1055554770   0            0            
2021         1765475867   1055608596   28           27567776     
1008         1765475867   1055850457   0            0            
1009         1765475867   1055850461   1121500      0            
1215         1765475867   1055850462   1121500      0            
1010         1765475867   1055850473   0            0            
2021         1765475867   1055908597   13596        27567824     
1018         1765475867   1056059756   103          0            
1217         1765475867   1056059768   31           0            
1218         1765475867   1056059768   0            0            
1007         1765475867   1056059771   0            0            
2021         1765475867   1056116006   28           27567776     
1008         1765475867   1056355460   0            0            
1009         1765475867   1056355464   1122000      0            
1215         1765475867   1056355465   1122000      0            
1010         1765475867   1056355476   0            0            
2021         1765475868   1056413119   13596        27567824     
1018         1765475868   1056564761   104          0            
1217         1765475868   1056564773   31           0            
1218         1765475868   1056564774   0            0            
1007         1765475868   1056564776   0            0            
2021         1765475868   1056616882   28           27567776     
1008         1765475868   1056860462   0            0            
1009         1765475868   1056860466   1122500      0            
1215         1765475868   1056860467   1122500      0            
1010         1765475868   1056860478   0            0            
2021         1765475868   1056904624   13596        27567824     
1018         1765475868   1057069811   105          0            
1217         1765475868   1057069823   31           0            
1218         1765475868   1057069823   0            0            
1007         1765475868   1057069826   0            0            
2021         1765475868   1057123824   28           27567776     
1008         1765475868   1057365511   0            0            
1009         1765475868   1057365515   1123000      0            
1215         1765475868   1057365516   1123000      0            
1010         1765475868   1057365527   0            0            
2021         1765475868   1057367712   13596        27567824     
1018         1765475869   1057574912   106          0            
1217         1765475869   1057574924   31           0            
1218         1765475869   1057574924   0            0            
1007         1765475869   1057574927   0            0            
2021         1765475869   1057615850   28           27567776     
1008         1765475869   1057870613   0            0            
1009         1765475869   1057870617   1123500      0            
1215         1765475869   1057870618   1123500      0            
1010         1765475869   1057870629   0            0            
2021         1765475869   1057924683   13596        27567824     
1018         1765475869   1058079957   107          0            
1217         1765475869   1058079969   31           0            
1218         1765475869   1058079969   0            0            
1007         1765475869   1058079972   0            0            
2021         1765475869   1058129840   28           27567776     
1008         1765475869   1058375654   0            0            
1009         1765475869   1058375658   1124000      0            
1215         1765475869   1058375659   1124000      0            
1010         1765475869   1058375670   0            0            
2021         1765475869   1058418911   13596        27567824     
1018         1765475870   1058585022   108          0            
1217         1765475870   1058585034   31           0            
1218         1765475870   1058585035   0            0            
1007         1765475870   1058585037   0            0            
2021         1765475870   1058626821   28           27567776     
1008         1765475870   1058880724   0            0            
1009         1765475870   1058880728   1124500      0            
1215         1765475870   1058880729   1124500      0            
1010         1765475870   1058880740   0            0            
2021         1765475870   1058931673   13596        27567824     
1018         1765475870   1059090078   109          0            
1217         1765475870   1059090090   31           0            
1218         1765475870   1059090090   0            0            
1007         1765475870   1059090093   0            0            
2021         1765475870   1059139102   28           27567776     
1008         1765475870   1059385772   0            0            
1009         1765475870   1059385776   1125000      0            
1215         1765475870   1059385777   1125000      0            
1010         1765475870   1059385788   0            0            
2021         1765475871   1059443757   13596        27567824     
1018         1765475871   1059595113   110          0            
1217         1765475871   1059595125   31           0            
1218         1765475871   1059595125   0            0            
1007         1765475871   1059595128   0            0            
2021         1765475871   1059651190   28           27567776     
1008         1765475871   1059890811   0            0            
1009         1765475871   1059890815   1125500      0            
1215         1765475871   1059890816   1125500      0            
1010         1765475871   1059890827   0            0            
2021         1765475871   1059893011   13596        27567824     
1018         1765475871   1060100156   111          0            
1217         1765475871   1060100168   31           0            
1218         1765475871   1060100169   0            0            
1007         1765475871   1060100171   0            0            
2021         1765475871   1060147632   28           27567776     
1008         1765475871   1060395854   0            0            
1009         1765475871   1060395858   1126000      0            
1215         1765475871   1060395859   1126000      0            
1010         1765475871   1060395870   0            0            
2021         1765475871   1060451733   13596        27567824     
1018         1765475872   1060605229   112          0            
1217         1765475872   1060605241   31           0            
1218         1765475872   1060605241   0            0            
1007         1765475872   1060605244   0            0            
2021         1765475872   1060655973   28           27567776     
1008         1765475872   1060900931   0            0            
1009         1765475872   1060900935   1126500      0            
1215         1765475872   1060900936   1126500      0            
1010         1765475872   1060900947   0            0            
2021         1765475872   1060903002   13596        27567824     
1018         1765475872   1061110265   113          0            
1217         1765475872   1061110276   31           0            
1218         1765475872   1061110277   0            0            
1007         1765475872   1061110280   0            0            
2021         1765475872   1061158946   28           27567776     
1008         1765475872   1061405963   0            0            
1009         1765475872   1061405967   1127000      0            
1215         1765475872   1061405968   1127000      0            
1010         1765475872   1061405979   0            0            
2021         1765475872   1061462461   13596        27567824     
1018         1765475873   1061615372   114          0            
1217         1765475873   1061615384   31           0            
1218         1765475873   1061615384   0            0            
1007         1765475873   1061615387   0            0            
2021         1765475873   1061668351   28           27567776     
1008         1765475873   1061911072   0            0            
1009         1765475873   1061911076   1127500      0            
1215         1765475873   1061911077   1127500      0            
1010         1765475873   1061911087   0            0            
2021         1765475873   1061913223   13596        27567824     
1018         1765475873   1062120397   115          0            
1217         1765475873   1062120409   31           0            
1218         1765475873   1062120410   0            0            
1007         1765475873   1062120412   0            0            
2021         1765475873   1062163573   28           27567776     
1008         1765475873   1062416103   0            0            
1009         1765475873   1062416107   1128000      0            
1215         1765475873   1062416108   1128000      0            
1010         1765475873   1062416118   0            0            
2021         1765475873   1062468284   13596        27567824     
1018         1765475874   1062625421   116          0            
1217         1765475874   1062625433   31           0            
1218         1765475874   1062625434   0            0            
1007         1765475874   1062625436   0            0            
2021         1765475874   1062673241   28           27567776     
1008         1765475874   1062921128   0            0            
1009         1765475874   1062921133   1128500      0            
1215         1765475874   1062921133   1128500      0            
1010         1765475874   1062921144   0            0            
2021         1765475874   1062975028   13596        27567824     
1018         1765475874   1063130478   117          0            
1217         1765475874   1063130490   31           0            
1218         1765475874   1063130490   0            0            
1007         1765475874   1063130493   0            0            
2021         1765475874   1063178298   28           27567776     
1008         1765475874   1063426175   0            0            
1009         1765475874   1063426179   1129000      0            
1215         1765475874   1063426180   1129000      0            
1010         1765475874   1063426191   0            0            
2021         1765475874   1063469742   13596        27567824     
1018         1765475875   1063635575   118          0            
1217         1765475875   1063635587   31           0            
1218         1765475875   1063635587   0            0            
1007         1765475875   1063635590   0            0            
2021         1765475875   1063692339   28           27567776     
1008         1765475875   1063931272   0            0            
1009         1765475875   1063931277   1129500      0            
1215         1765475875   1063931277   1129500      0            
1010         1765475875   1063931288   0            0            
2021         1765475875   1063933472   13596        27567824     
1018         1765475875   1064140563   119          0            
1217         1765475875   1064140575   31           0            
1218         1765475875   1064140575   0            0            
1007         1765475875   1064140578   0            0            
2021         1765475875   1064187178   28           27567776     
1008         1765475875   1064436266   0            0            
1009         1765475875   1064436270   1130000      0            
1215         1765475875   1064436271   1130000      0            
1010         1765475875   1064436282   0            0            
2021         1765475875   1064493431   13596        27567824     
1018         1765475876   1064645565   120          0            
1217         1765475876   1064645577   31           0            
1218         1765475876   1064645578   0            0            
1007         1765475876   1064645581   0            0            
2021         1765475876   1064697514   28           27567776     
1008         1765475876   1064941266   0            0            
1010         1765475876   1064941271   0            0            
2021         1765475876   1064986721   13596        27567824     
50001        1            1436502      0            0            
50002        1764777195   3996673270   4875         0            
50003        1            1436503      0            0            
50004        1            1436503      0            0            
