12           1765476010   1201261785   100794379    0            
15           1765476010   1201261785   1000000      0            
2021         1765476010   1201262575   24           27567776     
2021         1765476010   1201265399   25880        27567808     
2100         1765476010   1201265435   1            17039424     
2107         1765476011   1201610074   1            17039424     
2007         1765476012   1201638897   1765476011   0            
15           1765476012   1201638898   1000000      0            
2021         1765476012   1201639633   20           27567776     
1012         1765476012   1201649032   4294967295   1130000      
2001         1765476012   1201649033   1070000      1130000      
2002         1765476012   1201649033   500          0            
2003         1765476012   1201649034   4294967295   0            
2004         1765476012   1201649034   1            0            
1000         1765476012   1201649041   0            0            
1205         1765476012   1201649044   33700        0            
1217         1765476012   1201649162   31           0            
1218         1765476012   1201649163   0            0            
1203         1765476012   1201688205   4294966659   988          
1201         1765476012   1201688206   10           0            
2021         1765476012   1201693198   28           27567776     
1203         1765476012   1201774907   4294966659   943          
1013         1765476012   1201774908   0            0            
1014         1765476013   1202826941   0            0            
1203         1765476013   1202867081   4294966659   1000         
1125         1765476013   1202867082   23           0            
1117         1765476013   1202867231   3100         0            
1118         1765476013   1202886441   3564         0            
1119         1765476013   1202900374   0            0            
1120         1765476013   1202930011   4294939896   4294964235   
1121         1765476013   1202959664   0            0            
1122         1765476013   1202989319   4294939896   4294964235   
1124         1765476013   1202989321   0            0            
1123         1765476013   1203281487   0            0            
1100         1765476013   1203343412   28876        0            
1101         1765476013   1203343412   0            22180        
1115         1765476013   1203343413   634701       1994594118   
1116         1765476013   1203343413   28           2640039970   
1203         1765476013   1203382548   4294966660   994          
1201         1765476013   1203382549   10           0            
1204         1765476014   1204469139   11537        10           
1202         1765476014   1204469140   11537        0            
1203         1765476014   1204565416   4294966658   999          
1125         1765476014   1204565417   23           0            
1126         1765476014   1204565418   0            0            
1126         1765476014   1204565418   1            0            
1108         1765476014   1204565419   104          0            
1217         1765476014   1204565424   31           0            
1218         1765476014   1204565424   0            0            
1215         1765476014   1204565427   1130000      1            
1217         1765476014   1204609936   31           0            
1218         1765476014   1204609936   0            0            
1001         1765476014   1204609939   1            0            
1002         1765476015   1204905768   0            0            
2021         1765476015   1204908600   13592        27567824     
1018         1765476015   1205049703   120          0            
1003         1765476015   1205049705   0            0            
1201         1765476015   1205049705   10           0            
2021         1765476015   1205096251   28           27567776     
1203         1765476015   1205136336   4294966658   993          
1013         1765476015   1205136336   0            0            
1014         1765476016   1206160275   0            0            
1203         1765476016   1206199254   4294966657   999          
1125         1765476016   1206199255   23           0            
1117         1765476016   1206199404   3125         0            
1118         1765476016   1206218620   3565         0            
1119         1765476016   1206246068   0            0            
1120         1765476016   1206275722   4294939896   4294964235   
1121         1765476016   1206305381   0            0            
1122         1765476016   1206335013   4294939896   4294964235   
1123         1765476016   1206335016   0            0            
1100         1765476016   1206396954   28892        0            
1101         1765476016   1206396954   0            22676        
1115         1765476016   1206396955   626326       1506939184   
1116         1765476016   1206396955   27           2661703000   
1203         1765476016   1206437159   4294966659   1007         
1201         1765476016   1206437159   10           0            
1204         1765476017   1207549955   11552        10           
1202         1765476017   1207549955   11552        0            
1203         1765476017   1207647387   4294966658   1000         
1125         1765476017   1207647388   23           0            
1124         1765476017   1207647389   1            0            
1215         1765476018   1207927952   1130000      0            
1217         1765476018   1207978421   31           0            
1218         1765476018   1207978421   0            0            
1007         1765476018   1207978424   0            0            
1008         1765476018   1208274238   0            0            
1009         1765476018   1208274242   1129500      0            
1215         1765476018   1208274243   1129500      0            
1010         1765476018   1208274254   0            0            
2021         1765476018   1208328603   13596        27567824     
1018         1765476018   1208332519   119          0            
1217         1765476018   1208332531   31           0            
1218         1765476018   1208332532   0            0            
1007         1765476018   1208332534   0            0            
2021         1765476018   1208375184   28           27567776     
1008         1765476018   1208628516   0            0            
1009         1765476018   1208628520   1129000      0            
1215         1765476018   1208628521   1129000      0            
1010         1765476018   1208628532   0            0            
2021         1765476018   1208676923   13596        27567824     
1018         1765476019   1208837564   118          0            
1217         1765476019   1208837576   31           0            
1218         1765476019   1208837576   0            0            
1007         1765476019   1208837579   0            0            
2021         1765476019   1208886936   28           27567776     
1008         1765476019   1209133272   0            0            
1009         1765476019   1209133277   1128500      0            
1215         1765476019   1209133277   1128500      0            
1010         1765476019   1209133288   0            0            
2021         1765476019   1209195736   13596        27567824     
1018         1765476019   1209342571   117          0            
1217         1765476019   1209342583   31           0            
1218         1765476019   1209342584   0            0            
1007         1765476019   1209342586   0            0            
2021         1765476019   1209478641   28           27567776     
1008         1765476019   1209638571   0            0            
1009         1765476019   1209638576   1128000      0            
1215         1765476019   1209638576   1128000      0            
1010         1765476019   1209638587   0            0            
2021         1765476019   1209688484   13596        27567824     
1018         1765476020   1209847612   116          0            
1217         1765476020   1209847624   31           0            
1218         1765476020   1209847625   0            0            
1007         1765476020   1209847627   0            0            
2021         1765476020   1209978178   28           27567776     
1008         1765476020   1210143319   0            0            
1009         1765476020   1210143323   1127500      0            
1215         1765476020   1210143324   1127500      0            
1010         1765476020   1210143335   0            0            
2021         1765476020   1210287135   13596        27567824     
1018         1765476020   1210352733   115          0            
1217         1765476020   1210352745   31           0            
1218         1765476020   1210352746   0            0            
1007         1765476020   1210352748   0            0            
2021         1765476020   1210495169   28           27567776     
1008         1765476020   1210648730   0            0            
1009         1765476020   1210648734   1127000      0            
1215         1765476020   1210648735   1127000      0            
1010         1765476020   1210648746   0            0            
2021         1765476021   1210902045   13596        27567824     
1018         1765476021   1211110334   114          0            
1217         1765476021   1211110346   31           0            
1218         1765476021   1211110347   0            0            
1007         1765476021   1211110349   0            0            
2021         1765476021   1211302881   28           27567776     
1008         1765476021   1211406035   0            0            
1009         1765476021   1211406039   1126500      0            
1215         1765476021   1211406040   1126500      0            
1010         1765476021   1211406051   0            0            
2021         1765476021   1211595387   13596        27567824     
1018         1765476021   1211615339   113          0            
1217         1765476021   1211615351   31           0            
1218         1765476021   1211615352   0            0            
1007         1765476021   1211615354   0            0            
2021         1765476021   1211710642   28           27567776     
1008         1765476022   1211911053   0            0            
1009         1765476022   1211911057   1126000      0            
1215         1765476022   1211911058   1126000      0            
1010         1765476022   1211911069   0            0            
2021         1765476022   1212117659   13596        27567824     
1018         1765476022   1212120416   112          0            
1217         1765476022   1212120428   31           0            
1218         1765476022   1212120429   0            0            
1007         1765476022   1212120431   0            0            
2021         1765476022   1212304146   28           27567776     
1008         1765476022   1212416117   0            0            
1009         1765476022   1212416121   1125500      0            
1215         1765476022   1212416122   1125500      0            
1010         1765476022   1212416133   0            0            
2021         1765476022   1212418399   13596        27567824     
1018         1765476022   1212625441   111          0            
1217         1765476022   1212625453   31           0            
1218         1765476022   1212625454   0            0            
1007         1765476022   1212625456   0            0            
2021         1765476022   1212709044   28           27567776     
1008         1765476023   1212921150   0            0            
1009         1765476023   1212921154   1125000      0            
1215         1765476023   1212921155   1125000      0            
1010         1765476023   1212921165   0            0            
2021         1765476023   1213014737   13596        27567824     
1018         1765476023   1213130501   110          0            
1217         1765476023   1213130513   31           0            
1218         1765476023   1213130513   0            0            
1007         1765476023   1213130516   0            0            
2021         1765476023   1213219781   28           27567776     
1008         1765476023   1213426200   0            0            
1009         1765476023   1213426204   1124500      0            
1215         1765476023   1213426205   1124500      0            
1010         1765476023   1213426216   0            0            
2021         1765476023   1213529643   13596        27567824     
1018         1765476023   1213635562   109          0            
1217         1765476023   1213635574   31           0            
1218         1765476023   1213635575   0            0            
1007         1765476023   1213635577   0            0            
2021         1765476024   1213816364   28           27567776     
1008         1765476024   1213931271   0            0            
1009         1765476024   1213931275   1124000      0            
1215         1765476024   1213931276   1124000      0            
1010         1765476024   1213931287   0            0            
2021         1765476024   1213933217   13596        27567824     
1018         1765476024   1214140554   108          0            
1217         1765476024   1214140566   31           0            
1218         1765476024   1214140567   0            0            
1007         1765476024   1214140569   0            0            
2021         1765476024   1214224503   28           27567776     
1008         1765476024   1214436262   0            0            
1009         1765476024   1214436266   1123500      0            
1215         1765476024   1214436267   1123500      0            
1010         1765476024   1214436278   0            0            
2021         1765476024   1214524821   13596        27567824     
1018         1765476024   1214645592   107          0            
1217         1765476024   1214645604   31           0            
1218         1765476024   1214645605   0            0            
1007         1765476024   1214645607   0            0            
2021         1765476025   1214827081   28           27567776     
1008         1765476025   1214941296   0            0            
1009         1765476025   1214941300   1123000      0            
1215         1765476025   1214941301   1123000      0            
1010         1765476025   1214941312   0            0            
2021         1765476025   1214989167   13596        27567824     
1018         1765476025   1215150689   106          0            
1217         1765476025   1215150701   31           0            
1218         1765476025   1215150701   0            0            
1007         1765476025   1215150704   0            0            
2021         1765476025   1215196440   28           27567776     
1008         1765476025   1215446392   0            0            
1009         1765476025   1215446396   1122500      0            
1215         1765476025   1215446397   1122500      0            
1010         1765476025   1215446408   0            0            
2021         1765476025   1215448514   13596        27567824     
1018         1765476025   1215655715   105          0            
1217         1765476025   1215655727   31           0            
1218         1765476025   1215655727   0            0            
1007         1765476025   1215655730   0            0            
2021         1765476025   1215707323   28           27567776     
1008         1765476026   1215951421   0            0            
1009         1765476026   1215951425   1122000      0            
1215         1765476026   1215951426   1122000      0            
1010         1765476026   1215951437   0            0            
2021         1765476026   1215996737   13596        27567824     
1018         1765476026   1216160745   104          0            
1217         1765476026   1216160757   31           0            
1218         1765476026   1216160757   0            0            
1007         1765476026   1216160760   0            0            
2021         1765476026   1216204952   28           27567776     
1008         1765476026   1216456446   0            0            
1009         1765476026   1216456450   1121500      0            
1215         1765476026   1216456451   1121500      0            
1010         1765476026   1216456462   0            0            
2021         1765476026   1216458517   13596        27567824     
1018         1765476026   1216665815   103          0            
1217         1765476026   1216665827   31           0            
1218         1765476026   1216665827   0            0            
1007         1765476026   1216665830   0            0            
2021         1765476026   1216724819   28           27567776     
1008         1765476027   1216961516   0            0            
1009         1765476027   1216961521   1121000      0            
1215         1765476027   1216961521   1121000      0            
1010         1765476027   1216961532   0            0            
2021         1765476027   1217009158   13596        27567824     
1018         1765476027   1217170889   102          0            
1217         1765476027   1217170901   31           0            
1218         1765476027   1217170901   0            0            
1007         1765476027   1217170904   0            0            
2021         1765476027   1217227657   28           27567776     
1008         1765476027   1217466590   0            0            
1009         1765476027   1217466594   1120500      0            
1215         1765476027   1217466595   1120500      0            
1010         1765476027   1217466606   0            0            
2021         1765476027   1217515849   13596        27567824     
1018         1765476027   1217676024   101          0            
1217         1765476027   1217676036   31           0            
1218         1765476027   1217676037   0            0            
1007         1765476027   1217676039   0            0            
2021         1765476027   1217720059   28           27567776     
1008         1765476028   1217971726   0            0            
1009         1765476028   1217971730   1120000      0            
1215         1765476028   1217971731   1120000      0            
1010         1765476028   1217971742   0            0            
2021         1765476028   1217973778   13596        27567824     
1018         1765476028   1218181050   100          0            
1217         1765476028   1218181062   31           0            
1218         1765476028   1218181063   0            0            
1007         1765476028   1218181065   0            0            
2021         1765476028   1218222850   28           27567776     
1008         1765476028   1218476753   0            0            
1009         1765476028   1218476758   1119500      0            
1215         1765476028   1218476758   1119500      0            
1010         1765476028   1218476769   0            0            
2021         1765476028   1218478928   13596        27567824     
1018         1765476028   1218686046   99           0            
1217         1765476028   1218686058   31           0            
1218         1765476028   1218686058   0            0            
1007         1765476028   1218686061   0            0            
2021         1765476028   1218736445   28           27567776     
1008         1765476029   1218981750   0            0            
1009         1765476029   1218981755   1119000      0            
1215         1765476029   1218981755   1119000      0            
1010         1765476029   1218981766   0            0            
2021         1765476029   1219026140   13596        27567824     
1018         1765476029   1219191097   98           0            
1217         1765476029   1219191108   31           0            
1218         1765476029   1219191109   0            0            
1007         1765476029   1219191112   0            0            
2021         1765476029   1219233238   28           27567776     
1008         1765476029   1219486798   0            0            
1009         1765476029   1219486802   1118500      0            
1215         1765476029   1219486803   1118500      0            
1010         1765476029   1219486814   0            0            
2021         1765476029   1219488796   13596        27567824     
1018         1765476029   1219696217   97           0            
1217         1765476029   1219696229   31           0            
1218         1765476029   1219696229   0            0            
1007         1765476029   1219696232   0            0            
2021         1765476029   1219740080   28           27567776     
1008         1765476030   1219991921   0            0            
1009         1765476030   1219991926   1118000      0            
1215         1765476030   1219991926   1118000      0            
1010         1765476030   1219991937   0            0            
2021         1765476030   1220042454   13596        27567824     
1018         1765476030   1220201187   96           0            
1217         1765476030   1220201199   31           0            
1218         1765476030   1220201199   0            0            
1007         1765476030   1220201202   0            0            
2021         1765476030   1220245222   28           27567776     
1008         1765476030   1220496887   0            0            
1009         1765476030   1220496891   1117500      0            
1215         1765476030   1220496892   1117500      0            
1010         1765476030   1220496903   0            0            
2021         1765476030   1220499088   13596        27567824     
1018         1765476030   1220706156   95           0            
1217         1765476030   1220706168   31           0            
1218         1765476030   1220706168   0            0            
1007         1765476030   1220706171   0            0            
2021         1765476030   1220748470   28           27567776     
1008         1765476031   1221001865   0            0            
1009         1765476031   1221001869   1117000      0            
1215         1765476031   1221001870   1117000      0            
1010         1765476031   1221001881   0            0            
2021         1765476031   1221052256   13596        27567824     
1018         1765476031   1221211322   94           0            
1217         1765476031   1221211334   31           0            
1218         1765476031   1221211335   0            0            
1007         1765476031   1221211338   0            0            
2021         1765476031   1221256046   28           27567776     
1008         1765476031   1221507027   0            0            
1009         1765476031   1221507031   1116500      0            
1215         1765476031   1221507032   1116500      0            
1010         1765476031   1221507042   0            0            
2021         1765476031   1221509230   13596        27567824     
1018         1765476031   1221716338   93           0            
1217         1765476031   1221716350   31           0            
1218         1765476031   1221716351   0            0            
1007         1765476031   1221716353   0            0            
2021         1765476031   1221761062   28           27567776     
1008         1765476032   1222012046   0            0            
1009         1765476032   1222012050   1116000      0            
1215         1765476032   1222012051   1116000      0            
1010         1765476032   1222012062   0            0            
2021         1765476032   1222014229   13596        27567824     
1018         1765476032   1222221397   92           0            
1217         1765476032   1222221409   31           0            
1218         1765476032   1222221410   0            0            
1007         1765476032   1222221412   0            0            
2021         1765476032   1222272827   28           27567776     
1008         1765476032   1222517100   0            0            
1009         1765476032   1222517104   1115500      0            
1215         1765476032   1222517105   1115500      0            
1010         1765476032   1222517116   0            0            
2021         1765476032   1222519254   13596        27567824     
1018         1765476032   1222726370   91           0            
1217         1765476032   1222726382   31           0            
1218         1765476032   1222726383   0            0            
1007         1765476032   1222726385   0            0            
2021         1765476032   1222779007   28           27567776     
1008         1765476033   1223022076   0            0            
1009         1765476033   1223022080   1115000      0            
1215         1765476033   1223022081   1115000      0            
1010         1765476033   1223022092   0            0            
2021         1765476033   1223081019   13596        27567824     
1018         1765476033   1223231537   90           0            
1217         1765476033   1223231548   31           0            
1218         1765476033   1223231549   0            0            
1007         1765476033   1223231552   0            0            
2021         1765476033   1223285203   28           27567776     
1008         1765476033   1223527241   0            0            
1009         1765476033   1223527245   1114500      0            
1215         1765476033   1223527246   1114500      0            
1010         1765476033   1223527257   0            0            
2021         1765476033   1223529395   13596        27567824     
1018         1765476033   1223736527   89           0            
1217         1765476033   1223736539   31           0            
1218         1765476033   1223736539   0            0            
1007         1765476033   1223736542   0            0            
2021         1765476033   1223780562   28           27567776     
1008         1765476034   1224032237   0            0            
1009         1765476034   1224032241   1114000      0            
1215         1765476034   1224032242   1114000      0            
1010         1765476034   1224032253   0            0            
2021         1765476034   1224034436   13596        27567824     
1018         1765476034   1224241657   88           0            
1217         1765476034   1224241669   31           0            
1218         1765476034   1224241669   0            0            
1007         1765476034   1224241672   0            0            
2021         1765476034   1224291712   28           27567776     
1008         1765476034   1224537362   0            0            
1009         1765476034   1224537366   1113500      0            
1215         1765476034   1224537367   1113500      0            
1010         1765476034   1224537378   0            0            
2021         1765476034   1224539562   13596        27567824     
1018         1765476034   1224746657   87           0            
1217         1765476034   1224746669   31           0            
1218         1765476034   1224746669   0            0            
1007         1765476034   1224746672   0            0            
2021         1765476034   1224800666   28           27567776     
1008         1765476035   1225042362   0            0            
1009         1765476035   1225042367   1113000      0            
1215         1765476035   1225042367   1113000      0            
1010         1765476035   1225042378   0            0            
2021         1765476035   1225044485   13596        27567824     
1018         1765476035   1225251740   86           0            
1217         1765476035   1225251752   31           0            
1218         1765476035   1225251753   0            0            
1007         1765476035   1225251755   0            0            
2021         1765476035   1225296807   28           27567776     
1008         1765476035   1225547444   0            0            
1009         1765476035   1225547448   1112500      0            
1215         1765476035   1225547448   1112500      0            
1010         1765476035   1225547459   0            0            
2021         1765476035   1225594452   13596        27567824     
1018         1765476035   1225756758   85           0            
1217         1765476035   1225756770   31           0            
1218         1765476035   1225756771   0            0            
1007         1765476035   1225756774   0            0            
2021         1765476035   1225800793   28           27567776     
1008         1765476036   1226052464   0            0            
1009         1765476036   1226052468   1112000      0            
1215         1765476036   1226052469   1112000      0            
1010         1765476036   1226052480   0            0            
2021         1765476036   1226054691   13596        27567824     
1018         1765476036   1226261839   84           0            
1217         1765476036   1226261851   31           0            
1218         1765476036   1226261852   0            0            
1007         1765476036   1226261854   0            0            
2021         1765476036   1226306390   28           27567776     
1008         1765476036   1226557547   0            0            
1009         1765476036   1226557551   1111500      0            
1215         1765476036   1226557552   1111500      0            
1010         1765476036   1226557563   0            0            
2021         1765476036   1226607722   13596        27567824     
1018         1765476036   1226766904   83           0            
1217         1765476036   1226766916   31           0            
1218         1765476036   1226766917   0            0            
1007         1765476036   1226766919   0            0            
2021         1765476036   1226816271   28           27567776     
1008         1765476037   1227062613   0            0            
1009         1765476037   1227062617   1111000      0            
1215         1765476037   1227062618   1111000      0            
1010         1765476037   1227062629   0            0            
2021         1765476037   1227064794   13596        27567824     
1018         1765476037   1227271929   82           0            
1217         1765476037   1227271941   31           0            
1218         1765476037   1227271941   0            0            
1007         1765476037   1227271944   0            0            
2021         1765476037   1227321640   28           27567776     
1008         1765476037   1227567633   0            0            
1009         1765476037   1227567637   1110500      0            
1215         1765476037   1227567637   1110500      0            
1010         1765476037   1227567648   0            0            
2021         1765476037   1227569758   13596        27567824     
1018         1765476037   1227776977   81           0            
1217         1765476037   1227776989   31           0            
1218         1765476037   1227776989   0            0            
1007         1765476037   1227776992   0            0            
2021         1765476037   1227822213   28           27567776     
1008         1765476038   1228072685   0            0            
1009         1765476038   1228072689   1110000      0            
1215         1765476038   1228072690   1110000      0            
1010         1765476038   1228072700   0            0            
2021         1765476038   1228123472   13596        27567824     
1018         1765476038   1228281977   80           0            
1217         1765476038   1228281989   31           0            
1218         1765476038   1228281990   0            0            
1007         1765476038   1228281992   0            0            
2021         1765476038   1228329625   28           27567776     
1008         1765476038   1228577684   0            0            
1009         1765476038   1228577688   1109500      0            
1215         1765476038   1228577688   1109500      0            
1010         1765476038   1228577699   0            0            
2021         1765476038   1228630423   13596        27567824     
1018         1765476038   1228787005   79           0            
1217         1765476038   1228787017   31           0            
1218         1765476038   1228787017   0            0            
1007         1765476038   1228787020   0            0            
2021         1765476038   1228836373   28           27567776     
1008         1765476039   1229082711   0            0            
1009         1765476039   1229082715   1109000      0            
1215         1765476039   1229082715   1109000      0            
1010         1765476039   1229082726   0            0            
2021         1765476039   1229084936   13596        27567824     
1018         1765476039   1229292116   78           0            
1217         1765476039   1229292127   31           0            
1218         1765476039   1229292128   0            0            
1007         1765476039   1229292131   0            0            
2021         1765476039   1229343201   28           27567776     
1008         1765476039   1229587819   0            0            
1009         1765476039   1229587823   1108500      0            
1215         1765476039   1229587824   1108500      0            
1010         1765476039   1229587835   0            0            
2021         1765476039   1229590004   13596        27567824     
1018         1765476039   1229797171   77           0            
1217         1765476039   1229797183   31           0            
1218         1765476039   1229797183   0            0            
1007         1765476039   1229797186   0            0            
2021         1765476039   1229840518   28           27567776     
1008         1765476040   1230092876   0            0            
1009         1765476040   1230092880   1108000      0            
1215         1765476040   1230092880   1108000      0            
1010         1765476040   1230092891   0            0            
2021         1765476040   1230095050   13596        27567824     
1018         1765476040   1230302245   76           0            
1217         1765476040   1230302257   31           0            
1218         1765476040   1230302258   0            0            
1007         1765476040   1230302261   0            0            
2021         1765476040   1230357290   28           27567776     
1008         1765476040   1230597947   0            0            
1009         1765476040   1230597951   1107500      0            
1215         1765476040   1230597952   1107500      0            
1010         1765476040   1230597963   0            0            
2021         1765476040   1230600068   13596        27567824     
1018         1765476040   1230807249   75           0            
1217         1765476040   1230807260   31           0            
1218         1765476040   1230807261   0            0            
1007         1765476040   1230807264   0            0            
2021         1765476040   1230851797   28           27567776     
1008         1765476041   1231102952   0            0            
1009         1765476041   1231102956   1107000      0            
1215         1765476041   1231102957   1107000      0            
1010         1765476041   1231102968   0            0            
2021         1765476041   1231152016   13596        27567824     
1018         1765476041   1231312260   74           0            
1217         1765476041   1231312271   31           0            
1218         1765476041   1231312272   0            0            
1007         1765476041   1231312275   0            0            
2021         1765476041   1231357670   28           27567776     
1008         1765476041   1231607965   0            0            
1009         1765476041   1231607969   1106500      0            
1215         1765476041   1231607970   1106500      0            
1010         1765476041   1231607980   0            0            
2021         1765476041   1231610111   13596        27567824     
1018         1765476041   1231817286   73           0            
1217         1765476041   1231817297   31           0            
1218         1765476041   1231817298   0            0            
1007         1765476041   1231817301   0            0            
2021         1765476041   1231860632   28           27567776     
1008         1765476042   1232112990   0            0            
1009         1765476042   1232112994   1106000      0            
1215         1765476042   1232112995   1106000      0            
1010         1765476042   1232113006   0            0            
2021         1765476042   1232115140   13596        27567824     
1018         1765476042   1232322378   72           0            
1217         1765476042   1232322390   31           0            
1218         1765476042   1232322390   0            0            
1007         1765476042   1232322393   0            0            
2021         1765476042   1232365037   28           27567776     
1008         1765476042   1232618080   0            0            
1009         1765476042   1232618085   1105500      0            
1215         1765476042   1232618085   1105500      0            
1010         1765476042   1232618096   0            0            
2021         1765476042   1232620252   13596        27567824     
1018         1765476042   1232827435   71           0            
1217         1765476042   1232827447   31           0            
1218         1765476042   1232827447   0            0            
1007         1765476042   1232827450   0            0            
2021         1765476042   1232880243   28           27567776     
1008         1765476043   1233123141   0            0            
1009         1765476043   1233123145   1105000      0            
1215         1765476043   1233123146   1105000      0            
1010         1765476043   1233123157   0            0            
2021         1765476043   1233125290   13596        27567824     
1018         1765476043   1233332474   70           0            
1217         1765476043   1233332486   31           0            
1218         1765476043   1233332486   0            0            
1007         1765476043   1233332489   0            0            
2021         1765476043   1233385794   28           27567776     
1008         1765476043   1233628173   0            0            
1009         1765476043   1233628177   1104500      0            
1215         1765476043   1233628178   1104500      0            
1010         1765476043   1233628189   0            0            
2021         1765476043   1233630451   13596        27567824     
1018         1765476043   1233837524   69           0            
1217         1765476043   1233837535   31           0            
1218         1765476043   1233837536   0            0            
1007         1765476043   1233837539   0            0            
2021         1765476043   1233880526   28           27567776     
1008         1765476044   1234133231   0            0            
1009         1765476044   1234133235   1104000      0            
1215         1765476044   1234133236   1104000      0            
1010         1765476044   1234133247   0            0            
2021         1765476044   1234135435   13596        27567824     
1018         1765476044   1234342587   68           0            
1217         1765476044   1234342599   31           0            
1218         1765476044   1234342600   0            0            
1007         1765476044   1234342603   0            0            
2021         1765476044   1234386451   28           27567776     
1008         1765476044   1234638298   0            0            
1009         1765476044   1234638302   1103500      0            
1215         1765476044   1234638303   1103500      0            
1010         1765476044   1234638314   0            0            
2021         1765476044   1234689372   13596        27567824     
1018         1765476044   1234847635   67           0            
1217         1765476044   1234847647   31           0            
1218         1765476044   1234847648   0            0            
1007         1765476044   1234847650   0            0            
2021         1765476044   1234898035   28           27567776     
1008         1765476045   1235143340   0            0            
1009         1765476045   1235143344   1103000      0            
1215         1765476045   1235143345   1103000      0            
1010         1765476045   1235143356   0            0            
2021         1765476045   1235193221   13596        27567824     
1018         1765476045   1235352609   66           0            
1217         1765476045   1235352621   31           0            
1218         1765476045   1235352622   0            0            
1007         1765476045   1235352624   0            0            
2021         1765476045   1235397159   28           27567776     
1008         1765476045   1235648317   0            0            
1009         1765476045   1235648321   1102500      0            
1215         1765476045   1235648322   1102500      0            
1010         1765476045   1235648333   0            0            
2021         1765476045   1235706783   13596        27567824     
1018         1765476045   1235857686   65           0            
1217         1765476045   1235857698   31           0            
1218         1765476045   1235857699   0            0            
1007         1765476045   1235857702   0            0            
2021         1765476045   1235898796   28           27567776     
1008         1765476046   1236153392   0            0            
1009         1765476046   1236153396   1102000      0            
1215         1765476046   1236153397   1102000      0            
1010         1765476046   1236153408   0            0            
2021         1765476046   1236155646   13596        27567824     
1018         1765476046   1236362823   64           0            
1217         1765476046   1236362835   31           0            
1218         1765476046   1236362836   0            0            
1007         1765476046   1236362839   0            0            
2021         1765476046   1236404967   28           27567776     
1008         1765476046   1236658527   0            0            
1009         1765476046   1236658531   1101500      0            
1215         1765476046   1236658532   1101500      0            
1010         1765476046   1236658543   0            0            
2021         1765476046   1236660674   13596        27567824     
1018         1765476046   1236867852   63           0            
1217         1765476046   1236867864   31           0            
1218         1765476046   1236867865   0            0            
1007         1765476046   1236867867   0            0            
2021         1765476046   1236918078   28           27567776     
1008         1765476047   1237163554   0            0            
1009         1765476047   1237163558   1101000      0            
1215         1765476047   1237163559   1101000      0            
1010         1765476047   1237163570   0            0            
2021         1765476047   1237207583   13596        27567824     
1018         1765476047   1237372977   62           0            
1217         1765476047   1237372988   31           0            
1218         1765476047   1237372989   0            0            
1007         1765476047   1237372992   0            0            
2021         1765476047   1237427675   28           27567776     
1008         1765476047   1237668678   0            0            
1009         1765476047   1237668682   1100500      0            
1215         1765476047   1237668683   1100500      0            
1010         1765476047   1237668694   0            0            
2021         1765476047   1237715207   13596        27567824     
1018         1765476047   1237877872   61           0            
1217         1765476047   1237877884   31           0            
1218         1765476047   1237877885   0            0            
1007         1765476047   1237877887   0            0            
2021         1765476047   1237922251   28           27567776     
1008         1765476048   1238173574   0            0            
1009         1765476048   1238173578   1100000      0            
1215         1765476048   1238173579   1100000      0            
1010         1765476048   1238173590   0            0            
2021         1765476048   1238224732   13596        27567824     
1018         1765476048   1238383023   60           0            
1217         1765476048   1238383035   31           0            
1218         1765476048   1238383035   0            0            
1007         1765476048   1238383038   0            0            
2021         1765476048   1238429293   28           27567776     
1008         1765476048   1238678727   0            0            
1009         1765476048   1238678731   1099500      0            
1215         1765476048   1238678732   1099500      0            
1010         1765476048   1238678743   0            0            
2021         1765476048   1238729685   13596        27567824     
1018         1765476048   1238887964   59           0            
1217         1765476048   1238887976   31           0            
1218         1765476048   1238887976   0            0            
1007         1765476048   1238887979   0            0            
2021         1765476048   1238932859   28           27567776     
1008         1765476049   1239183669   0            0            
1009         1765476049   1239183673   1099000      0            
1215         1765476049   1239183674   1099000      0            
1010         1765476049   1239183685   0            0            
2021         1765476049   1239232545   13596        27567824     
1018         1765476049   1239393093   58           0            
1217         1765476049   1239393105   31           0            
1218         1765476049   1239393105   0            0            
1007         1765476049   1239393108   0            0            
2021         1765476049   1239439705   28           27567776     
1008         1765476049   1239688793   0            0            
1009         1765476049   1239688798   1098500      0            
1215         1765476049   1239688798   1098500      0            
1010         1765476049   1239688809   0            0            
2021         1765476049   1239690865   13596        27567824     
1018         1765476049   1239898201   57           0            
1217         1765476049   1239898213   31           0            
1218         1765476049   1239898214   0            0            
1007         1765476049   1239898216   0            0            
2021         1765476049   1239940687   28           27567776     
1008         1765476050   1240193907   0            0            
1009         1765476050   1240193912   1098000      0            
1215         1765476050   1240193912   1098000      0            
1010         1765476050   1240193923   0            0            
2021         1765476050   1240196063   13596        27567824     
1018         1765476050   1240403183   56           0            
1217         1765476050   1240403195   31           0            
1218         1765476050   1240403196   0            0            
1007         1765476050   1240403198   0            0            
2021         1765476050   1240446013   28           27567776     
1008         1765476050   1240698888   0            0            
1009         1765476050   1240698892   1097500      0            
1215         1765476050   1240698893   1097500      0            
1010         1765476050   1240698904   0            0            
2021         1765476050   1240701037   13596        27567824     
1018         1765476050   1240908275   55           0            
1217         1765476050   1240908287   31           0            
1218         1765476050   1240908287   0            0            
1007         1765476050   1240908290   0            0            
2021         1765476050   1240955749   28           27567776     
1008         1765476051   1241203985   0            0            
1009         1765476051   1241203989   1097000      0            
1215         1765476051   1241203990   1097000      0            
1010         1765476051   1241204001   0            0            
2021         1765476051   1241255950   13596        27567824     
1018         1765476051   1241413354   54           0            
1217         1765476051   1241413365   31           0            
1218         1765476051   1241413366   0            0            
1007         1765476051   1241413369   0            0            
2021         1765476051   1241457904   28           27567776     
1008         1765476051   1241709061   0            0            
1009         1765476051   1241709065   1096500      0            
1215         1765476051   1241709066   1096500      0            
1010         1765476051   1241709077   0            0            
2021         1765476051   1241758808   13596        27567824     
1018         1765476051   1241918443   53           0            
1217         1765476051   1241918455   31           0            
1218         1765476051   1241918455   0            0            
1007         1765476051   1241918458   0            0            
2021         1765476051   1241965059   28           27567776     
1008         1765476052   1242214150   0            0            
1009         1765476052   1242214154   1096000      0            
1215         1765476052   1242214155   1096000      0            
1010         1765476052   1242214166   0            0            
2021         1765476052   1242266142   13596        27567824     
1018         1765476052   1242423474   52           0            
1217         1765476052   1242423486   31           0            
1218         1765476052   1242423487   0            0            
1007         1765476052   1242423489   0            0            
2021         1765476052   1242468025   28           27567776     
1008         1765476052   1242719178   0            0            
1009         1765476052   1242719182   1095500      0            
1215         1765476052   1242719183   1095500      0            
1010         1765476052   1242719194   0            0            
2021         1765476052   1242721353   13596        27567824     
1018         1765476052   1242928506   51           0            
1217         1765476052   1242928518   31           0            
1218         1765476052   1242928519   0            0            
1007         1765476052   1242928521   0            0            
2021         1765476052   1242972025   28           27567776     
1008         1765476053   1243224216   0            0            
1009         1765476053   1243224220   1095000      0            
1215         1765476053   1243224221   1095000      0            
1010         1765476053   1243224232   0            0            
2021         1765476053   1243271738   13596        27567824     
1018         1765476053   1243433445   50           0            
1217         1765476053   1243433457   31           0            
1218         1765476053   1243433457   0            0            
1007         1765476053   1243433460   0            0            
2021         1765476053   1243479197   28           27567776     
1008         1765476053   1243729145   0            0            
1009         1765476053   1243729150   1094500      0            
1215         1765476053   1243729150   1094500      0            
1010         1765476053   1243729161   0            0            
2021         1765476053   1243731324   13596        27567824     
1018         1765476053   1243938577   49           0            
1217         1765476053   1243938588   31           0            
1218         1765476053   1243938589   0            0            
1007         1765476053   1243938592   0            0            
2021         1765476053   1243984332   28           27567776     
1008         1765476054   1244234281   0            0            
1009         1765476054   1244234285   1094000      0            
1215         1765476054   1244234286   1094000      0            
1010         1765476054   1244234297   0            0            
2021         1765476054   1244236428   13596        27567824     
1018         1765476054   1244443667   48           0            
1217         1765476054   1244443678   31           0            
1218         1765476054   1244443679   0            0            
1007         1765476054   1244443682   0            0            
2021         1765476054   1244492344   28           27567776     
1008         1765476054   1244739368   0            0            
1009         1765476054   1244739372   1093500      0            
1215         1765476054   1244739372   1093500      0            
1010         1765476054   1244739383   0            0            
2021         1765476054   1244795141   13596        27567824     
1018         1765476054   1244948691   47           0            
1217         1765476054   1244948703   31           0            
1218         1765476054   1244948704   0            0            
1007         1765476054   1244948706   0            0            
2021         1765476054   1245004252   28           27567776     
1008         1765476055   1245244393   0            0            
1009         1765476055   1245244397   1093000      0            
1215         1765476055   1245244398   1093000      0            
1010         1765476055   1245244409   0            0            
2021         1765476055   1245294588   13596        27567824     
1018         1765476055   1245453807   46           0            
1217         1765476055   1245453819   31           0            
1218         1765476055   1245453819   0            0            
1007         1765476055   1245453822   0            0            
2021         1765476055   1245498529   28           27567776     
1008         1765476055   1245749508   0            0            
1009         1765476055   1245749512   1092500      0            
1215         1765476055   1245749513   1092500      0            
1010         1765476055   1245749524   0            0            
2021         1765476055   1245799316   13596        27567824     
1018         1765476055   1245958792   45           0            
1217         1765476055   1245958803   31           0            
1218         1765476055   1245958804   0            0            
1007         1765476055   1245958807   0            0            
2021         1765476055   1246004719   28           27567776     
1008         1765476056   1246254497   0            0            
1009         1765476056   1246254501   1092000      0            
1215         1765476056   1246254502   1092000      0            
1010         1765476056   1246254513   0            0            
2021         1765476056   1246256594   13596        27567824     
1018         1765476056   1246463816   44           0            
1217         1765476056   1246463828   31           0            
1218         1765476056   1246463828   0            0            
1007         1765476056   1246463831   0            0            
2021         1765476056   1246513700   28           27567776     
1008         1765476056   1246759516   0            0            
1009         1765476056   1246759520   1091500      0            
1215         1765476056   1246759521   1091500      0            
1010         1765476056   1246759532   0            0            
2021         1765476056   1246761640   13596        27567824     
1018         1765476056   1246968812   43           0            
1217         1765476056   1246968824   31           0            
1218         1765476056   1246968824   0            0            
1007         1765476056   1246968827   0            0            
2021         1765476056   1247024544   28           27567776     
1008         1765476057   1247264511   0            0            
1009         1765476057   1247264515   1091000      0            
1215         1765476057   1247264516   1091000      0            
1010         1765476057   1247264527   0            0            
2021         1765476057   1247266660   13596        27567824     
1018         1765476057   1247473954   42           0            
1217         1765476057   1247473966   31           0            
1218         1765476057   1247473966   0            0            
1007         1765476057   1247473969   0            0            
2021         1765476057   1247528825   28           27567776     
1008         1765476057   1247769659   0            0            
1009         1765476057   1247769664   1090500      0            
1215         1765476057   1247769664   1090500      0            
1010         1765476057   1247769675   0            0            
2021         1765476057   1247815995   13596        27567824     
1018         1765476057   1247978983   41           0            
1217         1765476057   1247978995   31           0            
1218         1765476057   1247978996   0            0            
1007         1765476057   1247978998   0            0            
2021         1765476057   1248023532   28           27567776     
1008         1765476058   1248274684   0            0            
1009         1765476058   1248274688   1090000      0            
1215         1765476058   1248274689   1090000      0            
1010         1765476058   1248274700   0            0            
2021         1765476058   1248276885   13596        27567824     
1018         1765476058   1248484067   40           0            
1217         1765476058   1248484079   31           0            
1218         1765476058   1248484080   0            0            
1007         1765476058   1248484083   0            0            
2021         1765476058   1248533263   28           27567776     
1008         1765476058   1248779774   0            0            
1009         1765476058   1248779778   1089500      0            
1215         1765476058   1248779779   1089500      0            
1010         1765476058   1248779790   0            0            
2021         1765476058   1248781925   13596        27567824     
1018         1765476058   1248989107   39           0            
1217         1765476058   1248989119   31           0            
1218         1765476058   1248989120   0            0            
1007         1765476058   1248989122   0            0            
2021         1765476058   1249044151   28           27567776     
1008         1765476059   1249284811   0            0            
1009         1765476059   1249284815   1089000      0            
1215         1765476059   1249284816   1089000      0            
1010         1765476059   1249284827   0            0            
2021         1765476059   1249343520   13596        27567824     
1018         1765476059   1249494141   38           0            
1217         1765476059   1249494153   31           0            
1218         1765476059   1249494153   0            0            
1007         1765476059   1249494156   0            0            
2021         1765476059   1249544024   28           27567776     
1008         1765476059   1249789846   0            0            
1009         1765476059   1249789850   1088500      0            
1215         1765476059   1249789851   1088500      0            
1010         1765476059   1249789862   0            0            
2021         1765476059   1249847737   13596        27567824     
1018         1765476059   1249999144   37           0            
1217         1765476059   1249999156   31           0            
1218         1765476059   1249999157   0            0            
1007         1765476059   1249999159   0            0            
2021         1765476059   1250055049   28           27567776     
1008         1765476060   1250294853   0            0            
1009         1765476060   1250294858   1088000      0            
1215         1765476060   1250294858   1088000      0            
1010         1765476060   1250294869   0            0            
2021         1765476060   1250340259   13596        27567824     
1018         1765476060   1250504204   36           0            
1217         1765476060   1250504216   31           0            
1218         1765476060   1250504216   0            0            
1007         1765476060   1250504219   0            0            
2021         1765476060   1250545484   28           27567776     
1008         1765476060   1250799907   0            0            
1009         1765476060   1250799911   1087500      0            
1215         1765476060   1250799912   1087500      0            
1010         1765476060   1250799923   0            0            
2021         1765476060   1250802140   13596        27567824     
1018         1765476060   1251009360   35           0            
1217         1765476060   1251009371   31           0            
1218         1765476060   1251009372   0            0            
1007         1765476060   1251009375   0            0            
2021         1765476060   1251064576   28           27567776     
1008         1765476061   1251305067   0            0            
1009         1765476061   1251305071   1087000      0            
1215         1765476061   1251305072   1087000      0            
1010         1765476061   1251305083   0            0            
2021         1765476061   1251307242   13596        27567824     
1018         1765476061   1251514365   34           0            
1217         1765476061   1251514377   31           0            
1218         1765476061   1251514377   0            0            
1007         1765476061   1251514380   0            0            
2021         1765476061   1251567516   28           27567776     
1008         1765476061   1251810068   0            0            
1009         1765476061   1251810072   1086500      0            
1215         1765476061   1251810073   1086500      0            
1010         1765476061   1251810084   0            0            
2021         1765476061   1251812144   13596        27567824     
1018         1765476061   1252019408   33           0            
1217         1765476061   1252019420   31           0            
1218         1765476061   1252019421   0            0            
1007         1765476061   1252019423   0            0            
2021         1765476061   1252066540   28           27567776     
1008         1765476062   1252315112   0            0            
1009         1765476062   1252315116   1086000      0            
1215         1765476062   1252315117   1086000      0            
1010         1765476062   1252315128   0            0            
2021         1765476062   1252369448   13596        27567824     
1018         1765476062   1252524488   32           0            
1217         1765476062   1252524500   31           0            
1218         1765476062   1252524500   0            0            
1007         1765476062   1252524503   0            0            
2021         1765476062   1252572823   28           27567776     
1008         1765476062   1252820194   0            0            
1009         1765476062   1252820198   1085500      0            
1215         1765476062   1252820199   1085500      0            
1010         1765476062   1252820210   0            0            
2021         1765476062   1252822240   13596        27567824     
1018         1765476062   1253029514   31           0            
1217         1765476062   1253029526   31           0            
1218         1765476062   1253029527   0            0            
1007         1765476062   1253029529   0            0            
2021         1765476062   1253079915   28           27567776     
1008         1765476063   1253325217   0            0            
1009         1765476063   1253325221   1085000      0            
1215         1765476063   1253325222   1085000      0            
1010         1765476063   1253325233   0            0            
2021         1765476063   1253370445   13596        27567824     
1018         1765476063   1253534538   30           0            
1217         1765476063   1253534550   31           0            
1218         1765476063   1253534551   0            0            
1007         1765476063   1253534553   0            0            
2021         1765476063   1253579432   28           27567776     
1008         1765476063   1253830242   0            0            
1009         1765476063   1253830247   1084500      0            
1215         1765476063   1253830247   1084500      0            
1010         1765476063   1253830258   0            0            
2021         1765476063   1253832468   13596        27567824     
1018         1765476063   1254039647   29           0            
1217         1765476063   1254039659   31           0            
1218         1765476063   1254039659   0            0            
1007         1765476063   1254039662   0            0            
2021         1765476063   1254083855   28           27567776     
1008         1765476064   1254335356   0            0            
1009         1765476064   1254335360   1084000      0            
1215         1765476064   1254335361   1084000      0            
1010         1765476064   1254335372   0            0            
2021         1765476064   1254386998   13596        27567824     
1018         1765476064   1254544587   28           0            
1217         1765476064   1254544599   31           0            
1218         1765476064   1254544600   0            0            
1007         1765476064   1254544602   0            0            
2021         1765476064   1254592922   28           27567776     
1008         1765476064   1254840291   0            0            
1009         1765476064   1254840295   1083500      0            
1215         1765476064   1254840296   1083500      0            
1010         1765476064   1254840307   0            0            
2021         1765476064   1254891370   13596        27567824     
1018         1765476064   1255049652   27           0            
1217         1765476064   1255049663   31           0            
1218         1765476064   1255049664   0            0            
1007         1765476064   1255049667   0            0            
2021         1765476064   1255098676   28           27567776     
1008         1765476065   1255345357   0            0            
1009         1765476065   1255345361   1083000      0            
1215         1765476065   1255345362   1083000      0            
1010         1765476065   1255345373   0            0            
2021         1765476065   1255400213   13596        27567824     
1018         1765476065   1255554746   26           0            
1217         1765476065   1255554757   31           0            
1218         1765476065   1255554758   0            0            
1007         1765476065   1255554761   0            0            
2021         1765476065   1255601702   28           27567776     
1008         1765476065   1255850449   0            0            
1009         1765476065   1255850453   1082500      0            
1215         1765476065   1255850454   1082500      0            
1010         1765476065   1255850465   0            0            
2021         1765476065   1255895340   13596        27567824     
1018         1765476065   1256059778   25           0            
1217         1765476065   1256059790   31           0            
1218         1765476065   1256059791   0            0            
1007         1765476065   1256059793   0            0            
2021         1765476065   1256114823   28           27567776     
1008         1765476066   1256355481   0            0            
1009         1765476066   1256355485   1082000      0            
1215         1765476066   1256355486   1082000      0            
1010         1765476066   1256355497   0            0            
2021         1765476066   1256402442   13596        27567824     
1018         1765476066   1256564840   24           0            
1217         1765476066   1256564852   31           0            
1218         1765476066   1256564853   0            0            
1007         1765476066   1256564856   0            0            
2021         1765476066   1256607671   28           27567776     
1008         1765476066   1256860545   0            0            
1009         1765476066   1256860550   1081500      0            
1215         1765476066   1256860550   1081500      0            
1010         1765476066   1256860561   0            0            
2021         1765476066   1256915278   13596        27567824     
1018         1765476066   1257069875   23           0            
1217         1765476066   1257069887   31           0            
1218         1765476066   1257069887   0            0            
1007         1765476066   1257069890   0            0            
2021         1765476066   1257124747   28           27567776     
1008         1765476067   1257365579   0            0            
1009         1765476067   1257365583   1081000      0            
1215         1765476067   1257365584   1081000      0            
1010         1765476067   1257365595   0            0            
2021         1765476067   1257415615   13596        27567824     
1018         1765476067   1257574945   22           0            
1217         1765476067   1257574957   31           0            
1218         1765476067   1257574957   0            0            
1007         1765476067   1257574960   0            0            
2021         1765476067   1257618808   28           27567776     
1008         1765476067   1257870648   0            0            
1009         1765476067   1257870652   1080500      0            
1215         1765476067   1257870653   1080500      0            
1010         1765476067   1257870664   0            0            
2021         1765476067   1257872773   13596        27567824     
1018         1765476067   1258079983   21           0            
1217         1765476067   1258079995   31           0            
1218         1765476067   1258079996   0            0            
1007         1765476067   1258079998   0            0            
2021         1765476067   1258124532   28           27567776     
1008         1765476068   1258375695   0            0            
1009         1765476068   1258375699   1080000      0            
1215         1765476068   1258375700   1080000      0            
1010         1765476068   1258375711   0            0            
2021         1765476068   1258377817   13596        27567824     
1018         1765476068   1258584996   20           0            
1217         1765476068   1258585008   31           0            
1218         1765476068   1258585008   0            0            
1007         1765476068   1258585011   0            0            
2021         1765476068   1258627999   28           27567776     
1008         1765476068   1258880697   0            0            
1009         1765476068   1258880701   1079500      0            
1215         1765476068   1258880702   1079500      0            
1010         1765476068   1258880713   0            0            
2021         1765476068   1258882932   13596        27567824     
1018         1765476068   1259090067   19           0            
1217         1765476068   1259090078   31           0            
1218         1765476068   1259090079   0            0            
1007         1765476068   1259090082   0            0            
2021         1765476068   1259145800   28           27567776     
1008         1765476069   1259385770   0            0            
1009         1765476069   1259385775   1079000      0            
1215         1765476069   1259385775   1079000      0            
1010         1765476069   1259385786   0            0            
2021         1765476069   1259432476   13596        27567824     
1018         1765476069   1259595105   18           0            
1217         1765476069   1259595117   31           0            
1218         1765476069   1259595118   0            0            
1007         1765476069   1259595120   0            0            
2021         1765476069   1259652386   28           27567776     
1008         1765476069   1259890812   0            0            
1009         1765476069   1259890816   1078500      0            
1215         1765476069   1259890817   1078500      0            
1010         1765476069   1259890828   0            0            
2021         1765476069   1259892934   13596        27567824     
1018         1765476069   1260100141   17           0            
1217         1765476069   1260100153   31           0            
1218         1765476069   1260100153   0            0            
1007         1765476069   1260100156   0            0            
2021         1765476069   1260147616   28           27567776     
1008         1765476070   1260395848   0            0            
1009         1765476070   1260395852   1078000      0            
1215         1765476070   1260395853   1078000      0            
1010         1765476070   1260395864   0            0            
2021         1765476070   1260397892   13596        27567824     
1018         1765476070   1260605225   16           0            
1217         1765476070   1260605237   31           0            
1218         1765476070   1260605237   0            0            
1007         1765476070   1260605240   0            0            
2021         1765476070   1260658377   28           27567776     
1008         1765476070   1260900925   0            0            
1009         1765476070   1260900930   1077500      0            
1215         1765476070   1260900930   1077500      0            
1010         1765476070   1260900941   0            0            
2021         1765476070   1260903052   13596        27567824     
1018         1765476070   1261110296   15           0            
1217         1765476070   1261110308   31           0            
1218         1765476070   1261110308   0            0            
1007         1765476070   1261110311   0            0            
2021         1765476070   1261166714   28           27567776     
1008         1765476071   1261405996   0            0            
1009         1765476071   1261406000   1077000      0            
1215         1765476071   1261406001   1077000      0            
1010         1765476071   1261406012   0            0            
2021         1765476071   1261408068   13596        27567824     
1018         1765476071   1261615351   14           0            
1217         1765476071   1261615362   31           0            
1218         1765476071   1261615363   0            0            
1007         1765476071   1261615366   0            0            
2021         1765476071   1261660415   28           27567776     
1008         1765476071   1261911052   0            0            
1009         1765476071   1261911056   1076500      0            
1215         1765476071   1261911057   1076500      0            
1010         1765476071   1261911068   0            0            
2021         1765476071   1261913125   13596        27567824     
1018         1765476071   1262120394   13           0            
1217         1765476071   1262120406   31           0            
1218         1765476071   1262120406   0            0            
1007         1765476071   1262120409   0            0            
2021         1765476071   1262166665   28           27567776     
1008         1765476072   1262416099   0            0            
1009         1765476072   1262416104   1076000      0            
1215         1765476072   1262416104   1076000      0            
1010         1765476072   1262416115   0            0            
2021         1765476072   1262418273   13596        27567824     
1018         1765476072   1262625419   12           0            
1217         1765476072   1262625431   31           0            
1218         1765476072   1262625431   0            0            
1007         1765476072   1262625434   0            0            
2021         1765476072   1262676677   28           27567776     
1008         1765476072   1262921122   0            0            
1009         1765476072   1262921126   1075500      0            
1215         1765476072   1262921127   1075500      0            
1010         1765476072   1262921138   0            0            
2021         1765476072   1262923245   13596        27567824     
1018         1765476072   1263130521   11           0            
1217         1765476072   1263130533   31           0            
1218         1765476072   1263130534   0            0            
1007         1765476072   1263130537   0            0            
2021         1765476072   1263186252   28           27567776     
1008         1765476073   1263426222   0            0            
1009         1765476073   1263426227   1075000      0            
1215         1765476073   1263426227   1075000      0            
1010         1765476073   1263426238   0            0            
2021         1765476073   1263428368   13596        27567824     
1018         1765476073   1263635447   10           0            
1217         1765476073   1263635459   31           0            
1218         1765476073   1263635460   0            0            
1007         1765476073   1263635463   0            0            
2021         1765476073   1263682578   28           27567776     
1008         1765476073   1263931148   0            0            
1009         1765476073   1263931152   1074500      0            
1215         1765476073   1263931153   1074500      0            
1010         1765476073   1263931164   0            0            
2021         1765476073   1263977428   13596        27567824     
1018         1765476073   1264140554   9            0            
1217         1765476073   1264140566   31           0            
1218         1765476073   1264140566   0            0            
1007         1765476073   1264140569   0            0            
2021         1765476073   1264186653   28           27567776     
1008         1765476074   1264436258   0            0            
1009         1765476074   1264436262   1074000      0            
1215         1765476074   1264436263   1074000      0            
1010         1765476074   1264436274   0            0            
2021         1765476074   1264491230   13596        27567824     
1018         1765476074   1264645637   8            0            
1217         1765476074   1264645649   31           0            
1218         1765476074   1264645649   0            0            
1007         1765476074   1264645652   0            0            
2021         1765476074   1264696896   28           27567776     
1008         1765476074   1264941339   0            0            
1009         1765476074   1264941343   1073500      0            
1215         1765476074   1264941344   1073500      0            
1010         1765476074   1264941355   0            0            
2021         1765476074   1264943488   13596        27567824     
1018         1765476074   1265150698   7            0            
1217         1765476074   1265150710   31           0            
1218         1765476074   1265150711   0            0            
1007         1765476074   1265150713   0            0            
2021         1765476074   1265190948   28           27567776     
1008         1765476075   1265446399   0            0            
1009         1765476075   1265446404   1073000      0            
1215         1765476075   1265446404   1073000      0            
1010         1765476075   1265446415   0            0            
2021         1765476075   1265448548   13596        27567824     
1018         1765476075   1265655679   6            0            
1217         1765476075   1265655691   31           0            
1218         1765476075   1265655691   0            0            
1007         1765476075   1265655694   0            0            
2021         1765476075   1265703497   28           27567776     
1008         1765476075   1265951380   0            0            
1009         1765476075   1265951384   1072500      0            
1215         1765476075   1265951385   1072500      0            
1010         1765476075   1265951396   0            0            
2021         1765476075   1266004707   13596        27567824     
1018         1765476075   1266160806   5            0            
1217         1765476075   1266160818   31           0            
1218         1765476075   1266160819   0            0            
1007         1765476075   1266160821   0            0            
2021         1765476075   1266208797   28           27567776     
1008         1765476076   1266456512   0            0            
1009         1765476076   1266456516   1072000      0            
1215         1765476076   1266456517   1072000      0            
1010         1765476076   1266456528   0            0            
2021         1765476076   1266458634   13596        27567824     
1018         1765476076   1266665858   4            0            
1217         1765476076   1266665870   31           0            
1218         1765476076   1266665870   0            0            
1007         1765476076   1266665873   0            0            
2021         1765476076   1266709032   28           27567776     
1008         1765476076   1266961557   0            0            
1009         1765476076   1266961561   1071500      0            
1215         1765476076   1266961562   1071500      0            
1010         1765476076   1266961573   0            0            
2021         1765476076   1267015216   13596        27567824     
1018         1765476076   1267170891   3            0            
1217         1765476076   1267170903   31           0            
1218         1765476076   1267170903   0            0            
1007         1765476076   1267170906   0            0            
2021         1765476076   1267220259   28           27567776     
1008         1765476077   1267466597   0            0            
1009         1765476077   1267466601   1071000      0            
1215         1765476077   1267466602   1071000      0            
1010         1765476077   1267466613   0            0            
2021         1765476077   1267468771   13596        27567824     
1018         1765476077   1267675981   2            0            
1217         1765476077   1267675993   31           0            
1218         1765476077   1267675993   0            0            
1007         1765476077   1267675996   0            0            
2021         1765476077   1267728271   28           27567776     
1008         1765476077   1267971681   0            0            
1009         1765476077   1267971685   1070500      0            
1215         1765476077   1267971686   1070500      0            
1010         1765476077   1267971697   0            0            
2021         1765476077   1267973835   13596        27567824     
1018         1765476077   1268180988   1            0            
1217         1765476077   1268181000   31           0            
1218         1765476077   1268181001   0            0            
1007         1765476077   1268181003   0            0            
2021         1765476077   1268224677   28           27567776     
1008         1765476078   1268476684   0            0            
1009         1765476078   1268476688   1070000      0            
1215         1765476078   1268476689   1070000      0            
1010         1765476078   1268476700   0            0            
2021         1765476078   1268478807   13596        27567824     
1018         1765476078   1268686064   0            0            
1217         1765476078   1268686076   31           0            
1218         1765476078   1268686077   0            0            
1007         1765476078   1268686079   0            0            
2021         1765476078   1268733366   28           27567776     
1008         1765476078   1268981767   0            0            
1010         1765476078   1268981772   0            0            
2021         1765476078   1268983982   13596        27567824     
50001        1            1436502      0            0            
50002        1764777195   3996673270   4875         0            
50003        1            1436503      0            0            
50004        1            1436503      0            0            
