12           1765475002   182322183    100794379    0            
15           1765475002   182322184    1000000      0            
2021         1765475002   182322983    24           27567776     
2021         1765475002   182325751    25880        27567808     
2100         1765475002   182325780    1            17039424     
2107         1765475002   182672043    1            17039424     
2007         1765475003   182835683    1765475003   0            
15           1765475003   182835683    1000000      0            
2021         1765475003   182836308    20           27567776     
1012         1765475003   182853898    1            1070000      
2001         1765475003   182853898    1070000      1130000      
2002         1765475003   182853899    500          0            
2003         1765475003   182853899    1            0            
2004         1765475003   182853900    1            0            
1000         1765475003   182853907    0            0            
1205         1765475003   182853910    33700        0            
1217         1765475003   182854028    31           0            
1218         1765475003   182854028    0            0            
1203         1765475003   182893026    4294966723   998          
1201         1765475003   182893027    10           0            
2021         1765475003   182895152    28           27567776     
1203         1765475003   182979404    4294966723   953          
1013         1765475003   182979405    0            0            
1014         1765475004   184038859    0            0            
1203         1765475004   184078944    4294966723   1000         
1125         1765475004   184078945    23           0            
1117         1765475004   184079092    3125         0            
1118         1765475004   184098407    3576         0            
1119         1765475004   184127873    0            0            
1120         1765475004   184157528    4294939896   4294964235   
1121         1765475004   184187185    0            0            
1122         1765475004   184216836    4294939896   4294964235   
1124         1765475004   184216838    0            0            
1123         1765475004   184493405    0            0            
1100         1765475004   184555327    28900        0            
1101         1765475004   184555328    0            22322        
1115         1765475004   184555328    633746       1546141514   
1116         1765475004   184555329    28           1675446928   
1203         1765475004   184594410    4294966724   994          
1201         1765475004   184594411    10           0            
1204         1765475005   185681008    11455        10           
1202         1765475005   185681008    11455        0            
1203         1765475005   185777285    4294966723   999          
1125         1765475005   185777286    23           0            
1126         1765475005   185777286    0            0            
1126         1765475005   185777287    1            0            
1108         1765475005   185777288    104          0            
1217         1765475005   185777292    31           0            
1218         1765475005   185777293    0            0            
1215         1765475005   185777296    1070000      1            
1217         1765475005   185837692    31           0            
1218         1765475005   185837693    0            0            
1001         1765475005   185837696    1            0            
1002         1765475006   186133514    0            0            
2021         1765475006   186188456    13592        27567824     
1018         1765475006   186362557    0            0            
1003         1765475006   186362558    0            0            
1201         1765475006   186362559    10           0            
2021         1765475006   186403139    28           27567776     
1203         1765475006   186449215    4294966723   993          
1013         1765475006   186449216    0            0            
1014         1765475007   187473203    0            0            
1203         1765475007   187512132    4294966723   999          
1125         1765475007   187512133    23           0            
1117         1765475007   187512283    3125         0            
1118         1765475007   187531493    3568         0            
1119         1765475007   187541627    0            0            
1120         1765475007   187571280    4294939896   4294964235   
1121         1765475007   187600917    0            0            
1122         1765475007   187630573    4294939896   4294964235   
1123         1765475007   187630575    0            0            
1100         1765475007   187692519    28900        0            
1101         1765475007   187692519    0            22419        
1115         1765475007   187692520    630531       643686300    
1116         1765475007   187692521    28           534537960    
1203         1765475007   187731618    4294966725   996          
1201         1765475007   187731619    10           0            
1204         1765475008   188862828    11458        10           
1202         1765475008   188862828    11458        0            
1203         1765475009   188960365    4294966724   1000         
1125         1765475009   188960366    23           0            
1124         1765475009   188960367    1            0            
1215         1765475009   189240880    1070000      0            
1217         1765475009   189296663    31           0            
1218         1765475009   189296664    0            0            
1007         1765475009   189296667    0            0            
1008         1765475009   189592784    0            0            
1009         1765475009   189592789    1070500      0            
1215         1765475009   189592789    1070500      0            
1010         1765475009   189592800    0            0            
2021         1765475009   189595038    13596        27567824     
1018         1765475009   189645419    1            0            
1217         1765475009   189650350    31           0            
1218         1765475009   189650350    0            0            
1007         1765475009   189650353    0            0            
2021         1765475009   189688524    28           27567776     
1008         1765475010   189946045    0            0            
1009         1765475010   189946049    1071000      0            
1215         1765475010   189946050    1071000      0            
1010         1765475010   189946061    0            0            
2021         1765475010   189995049    13596        27567824     
1018         1765475010   190150475    2            0            
1217         1765475010   190150487    31           0            
1218         1765475010   190150488    0            0            
1007         1765475010   190150490    0            0            
2021         1765475010   190202939    28           27567776     
1008         1765475010   190446472    0            0            
1009         1765475010   190446476    1071500      0            
1215         1765475010   190446477    1071500      0            
1010         1765475010   190446488    0            0            
2021         1765475010   190494536    13596        27567824     
1018         1765475010   190655553    3            0            
1217         1765475010   190655564    31           0            
1218         1765475010   190655565    0            0            
1007         1765475010   190655568    0            0            
2021         1765475010   190702683    28           27567776     
1008         1765475011   190951255    0            0            
1009         1765475011   190951260    1072000      0            
1215         1765475011   190951260    1072000      0            
1010         1765475011   190951271    0            0            
2021         1765475011   190953430    13596        27567824     
1018         1765475011   191160604    4            0            
1217         1765475011   191160615    31           0            
1218         1765475011   191160616    0            0            
1007         1765475011   191160619    0            0            
2021         1765475011   191202402    28           27567776     
1008         1765475011   191456599    0            0            
1009         1765475011   191456604    1072500      0            
1215         1765475011   191456604    1072500      0            
1010         1765475011   191456615    0            0            
2021         1765475011   191509109    13596        27567824     
1018         1765475011   191665713    5            0            
1217         1765475011   191665725    31           0            
1218         1765475011   191665725    0            0            
1007         1765475011   191665728    0            0            
2021         1765475011   191805053    28           27567776     
1008         1765475012   191961414    0            0            
1009         1765475012   191961418    1073000      0            
1215         1765475012   191961419    1073000      0            
1010         1765475012   191961430    0            0            
2021         1765475012   192105730    13596        27567824     
1018         1765475012   192170716    6            0            
1217         1765475012   192170727    31           0            
1218         1765475012   192170728    0            0            
1007         1765475012   192170731    0            0            
2021         1765475012   192298702    28           27567776     
1008         1765475012   192466711    0            0            
1009         1765475012   192466716    1073500      0            
1215         1765475012   192466716    1073500      0            
1010         1765475012   192466727    0            0            
2021         1765475012   192468866    13596        27567824     
1018         1765475012   192675699    7            0            
1217         1765475012   192675711    31           0            
1218         1765475012   192675711    0            0            
1007         1765475012   192675714    0            0            
2021         1765475012   192910521    28           27567776     
1008         1765475013   192971406    0            0            
1009         1765475013   192971410    1074000      0            
1215         1765475013   192971411    1074000      0            
1010         1765475013   192971422    0            0            
2021         1765475013   193017384    13596        27567824     
1018         1765475013   193180819    8            0            
1217         1765475013   193180831    31           0            
1218         1765475013   193180831    0            0            
1007         1765475013   193180834    0            0            
2021         1765475013   193228636    28           27567776     
1008         1765475013   193476813    0            0            
1009         1765475013   193476818    1074500      0            
1215         1765475013   193476819    1074500      0            
1010         1765475013   193476830    0            0            
2021         1765475013   193624043    13596        27567824     
1018         1765475013   193685848    9            0            
1217         1765475013   193685860    31           0            
1218         1765475013   193685860    0            0            
1007         1765475013   193685863    0            0            
2021         1765475013   193809018    28           27567776     
1008         1765475014   193981554    0            0            
1009         1765475014   193981558    1075000      0            
1215         1765475014   193981559    1075000      0            
1010         1765475014   193981570    0            0            
2021         1765475014   194031286    13596        27567824     
1018         1765475014   194191036    10           0            
1217         1765475014   194191048    31           0            
1218         1765475014   194191048    0            0            
1007         1765475014   194191051    0            0            
2021         1765475014   194333815    28           27567776     
1008         1765475014   194487036    0            0            
1009         1765475014   194487040    1075500      0            
1215         1765475014   194487041    1075500      0            
1010         1765475014   194487052    0            0            
2021         1765475014   194631803    13596        27567824     
1018         1765475014   194695967    11           0            
1217         1765475014   194695979    31           0            
1218         1765475014   194695980    0            0            
1007         1765475014   194695982    0            0            
2021         1765475014   194824470    28           27567776     
1008         1765475015   194991672    0            0            
1009         1765475015   194991676    1076000      0            
1215         1765475015   194991676    1076000      0            
1010         1765475015   194991688    0            0            
2021         1765475015   195036280    13596        27567824     
1018         1765475015   195201208    12           0            
1217         1765475015   195201220    31           0            
1218         1765475015   195201220    0            0            
1007         1765475015   195201223    0            0            
2021         1765475015   195323345    28           27567776     
1008         1765475015   195497209    0            0            
1009         1765475015   195497214    1076500      0            
1215         1765475015   195497214    1076500      0            
1010         1765475015   195497225    0            0            
2021         1765475015   195644016    13596        27567824     
1018         1765475015   195706044    13           0            
1217         1765475015   195706056    31           0            
1218         1765475015   195706056    0            0            
1007         1765475015   195706059    0            0            
2021         1765475015   195839193    28           27567776     
1008         1765475016   196001752    0            0            
1009         1765475016   196001756    1077000      0            
1215         1765475016   196001757    1077000      0            
1010         1765475016   196001768    0            0            
2021         1765475016   196144905    13596        27567824     
1018         1765475016   196211043    14           0            
1217         1765475016   196211054    31           0            
1218         1765475016   196211055    0            0            
1007         1765475016   196211058    0            0            
2021         1765475016   196338169    28           27567776     
1008         1765475016   196507035    0            0            
1009         1765475016   196507039    1077500      0            
1215         1765475016   196507040    1077500      0            
1010         1765475016   196507051    0            0            
2021         1765475016   196653922    13596        27567824     
1018         1765475016   196716107    15           0            
1217         1765475016   196716119    31           0            
1218         1765475016   196716119    0            0            
1007         1765475016   196716122    0            0            
2021         1765475016   196842887    28           27567776     
1008         1765475017   197011812    0            0            
1009         1765475017   197011816    1078000      0            
1215         1765475017   197011816    1078000      0            
1010         1765475017   197011827    0            0            
2021         1765475017   197159533    13596        27567824     
1018         1765475017   197221156    16           0            
1217         1765475017   197221168    31           0            
1218         1765475017   197221168    0            0            
1007         1765475017   197221171    0            0            
2021         1765475017   197350687    28           27567776     
1008         1765475017   197517149    0            0            
1009         1765475017   197517153    1078500      0            
1215         1765475017   197517153    1078500      0            
1010         1765475017   197517164    0            0            
2021         1765475017   197563279    13596        27567824     
1018         1765475017   197726198    17           0            
1217         1765475017   197726209    31           0            
1218         1765475017   197726210    0            0            
1007         1765475017   197726213    0            0            
2021         1765475017   197860892    28           27567776     
1008         1765475018   198021904    0            0            
1009         1765475018   198021909    1079000      0            
1215         1765475018   198021909    1079000      0            
1010         1765475018   198021920    0            0            
2021         1765475018   198165285    13596        27567824     
1018         1765475018   198231253    18           0            
1217         1765475018   198231265    31           0            
1218         1765475018   198231266    0            0            
1007         1765475018   198231268    0            0            
2021         1765475018   198358545    28           27567776     
1008         1765475018   198527244    0            0            
1009         1765475018   198527248    1079500      0            
1215         1765475018   198527249    1079500      0            
1010         1765475018   198527260    0            0            
2021         1765475018   198664063    13596        27567824     
1018         1765475018   198736329    19           0            
1217         1765475018   198736340    31           0            
1218         1765475018   198736341    0            0            
1007         1765475018   198736344    0            0            
2021         1765475018   198879453    28           27567776     
1008         1765475019   199032032    0            0            
1009         1765475019   199032037    1080000      0            
1215         1765475019   199032037    1080000      0            
1010         1765475019   199032048    0            0            
2021         1765475019   199174685    13596        27567824     
1018         1765475019   199241355    20           0            
1217         1765475019   199241367    31           0            
1218         1765475019   199241368    0            0            
1007         1765475019   199241370    0            0            
2021         1765475019   199286250    28           27567776     
1008         1765475019   199537348    0            0            
1009         1765475019   199537352    1080500      0            
1215         1765475019   199537353    1080500      0            
1010         1765475019   199537364    0            0            
2021         1765475019   199590778    13596        27567824     
1018         1765475019   199746504    21           0            
1217         1765475019   199746515    31           0            
1218         1765475019   199746516    0            0            
1007         1765475019   199746519    0            0            
2021         1765475019   199799997    28           27567776     
1008         1765475020   200042201    0            0            
1009         1765475020   200042205    1081000      0            
1215         1765475020   200042206    1081000      0            
1010         1765475020   200042217    0            0            
2021         1765475020   200086062    13596        27567824     
1018         1765475020   200251471    22           0            
1217         1765475020   200251483    31           0            
1218         1765475020   200251484    0            0            
1007         1765475020   200251486    0            0            
2021         1765475020   200306343    28           27567776     
1008         1765475020   200547470    0            0            
1009         1765475020   200547474    1081500      0            
1215         1765475020   200547475    1081500      0            
1010         1765475020   200547486    0            0            
2021         1765475020   200592398    13596        27567824     
1018         1765475020   200756496    23           0            
1217         1765475020   200756507    31           0            
1218         1765475020   200756508    0            0            
1007         1765475020   200756511    0            0            
2021         1765475020   200799497    28           27567776     
1008         1765475021   201052191    0            0            
1009         1765475021   201052196    1082000      0            
1215         1765475021   201052196    1082000      0            
1010         1765475021   201052207    0            0            
2021         1765475021   201054265    13596        27567824     
1018         1765475021   201261598    24           0            
1217         1765475021   201261610    31           0            
1218         1765475021   201261610    0            0            
1007         1765475021   201261613    0            0            
2021         1765475021   201302536    28           27567776     
1008         1765475021   201557590    0            0            
1009         1765475021   201557594    1082500      0            
1215         1765475021   201557595    1082500      0            
1010         1765475021   201557606    0            0            
2021         1765475021   201559772    13596        27567824     
1018         1765475021   201766648    25           0            
1217         1765475021   201766660    31           0            
1218         1765475021   201766661    0            0            
1007         1765475021   201766664    0            0            
2021         1765475021   201814293    28           27567776     
1008         1765475022   202062350    0            0            
1009         1765475022   202062354    1083000      0            
1215         1765475022   202062355    1083000      0            
1010         1765475022   202062365    0            0            
2021         1765475022   202064316    13596        27567824     
1018         1765475022   202271751    26           0            
1217         1765475022   202271763    31           0            
1218         1765475022   202271764    0            0            
1007         1765475022   202271766    0            0            
2021         1765475022   202317507    28           27567776     
1008         1765475022   202567746    0            0            
1009         1765475022   202567750    1083500      0            
1215         1765475022   202567751    1083500      0            
1010         1765475022   202567762    0            0            
2021         1765475022   202619130    13596        27567824     
1018         1765475022   202776751    27           0            
1217         1765475022   202776763    31           0            
1218         1765475022   202776764    0            0            
1007         1765475022   202776766    0            0            
2021         1765475022   202823366    28           27567776     
1008         1765475023   203072459    0            0            
1009         1765475023   203072463    1084000      0            
1215         1765475023   203072464    1084000      0            
1010         1765475023   203072475    0            0            
2021         1765475023   203125343    13596        27567824     
1018         1765475023   203281828    28           0            
1217         1765475023   203281840    31           0            
1218         1765475023   203281841    0            0            
1007         1765475023   203281843    0            0            
2021         1765475023   203329819    28           27567776     
1008         1765475023   203577820    0            0            
1009         1765475023   203577824    1084500      0            
1215         1765475023   203577825    1084500      0            
1010         1765475023   203577836    0            0            
2021         1765475023   203579946    13596        27567824     
1018         1765475023   203786845    29           0            
1217         1765475023   203786857    31           0            
1218         1765475023   203786858    0            0            
1007         1765475023   203786860    0            0            
2021         1765475023   203835179    28           27567776     
1008         1765475024   204082549    0            0            
1009         1765475024   204082553    1085000      0            
1215         1765475024   204082554    1085000      0            
1010         1765475024   204082565    0            0            
2021         1765475024   204140030    13596        27567824     
1018         1765475024   204291903    30           0            
1217         1765475024   204291914    31           0            
1218         1765475024   204291915    0            0            
1007         1765475024   204291918    0            0            
2021         1765475024   204344882    28           27567776     
1008         1765475024   204587891    0            0            
1009         1765475024   204587895    1085500      0            
1215         1765475024   204587896    1085500      0            
1010         1765475024   204587907    0            0            
2021         1765475024   204634535    13596        27567824     
1018         1765475024   204797014    31           0            
1217         1765475024   204797026    31           0            
1218         1765475024   204797026    0            0            
1007         1765475024   204797029    0            0            
2021         1765475024   204838296    28           27567776     
1008         1765475025   205092725    0            0            
1009         1765475025   205092729    1086000      0            
1215         1765475025   205092730    1086000      0            
1010         1765475025   205092741    0            0            
2021         1765475025   205139528    13596        27567824     
1018         1765475025   205302029    32           0            
1217         1765475025   205302041    31           0            
1218         1765475025   205302041    0            0            
1007         1765475025   205302044    0            0            
2021         1765475025   205343312    28           27567776     
1008         1765475025   205598028    0            0            
1009         1765475025   205598032    1086500      0            
1215         1765475025   205598033    1086500      0            
1010         1765475025   205598044    0            0            
2021         1765475025   205600157    13596        27567824     
1018         1765475025   205807077    33           0            
1217         1765475025   205807089    31           0            
1218         1765475025   205807089    0            0            
1007         1765475025   205807092    0            0            
2021         1765475025   205851281    28           27567776     
1008         1765475026   206102777    0            0            
1009         1765475026   206102782    1087000      0            
1215         1765475026   206102782    1087000      0            
1010         1765475026   206102793    0            0            
2021         1765475026   206155174    13596        27567824     
1018         1765475026   206312111    34           0            
1217         1765475026   206312123    31           0            
1218         1765475026   206312123    0            0            
1007         1765475026   206312126    0            0            
2021         1765475026   206359758    28           27567776     
1008         1765475026   206608107    0            0            
1009         1765475026   206608111    1087500      0            
1215         1765475026   206608112    1087500      0            
1010         1765475026   206608122    0            0            
2021         1765475026   206664775    13596        27567824     
1018         1765475026   206817198    35           0            
1217         1765475026   206817210    31           0            
1218         1765475026   206817211    0            0            
1007         1765475026   206817213    0            0            
2021         1765475026   206870006    28           27567776     
1008         1765475027   207112902    0            0            
1009         1765475027   207112907    1088000      0            
1215         1765475027   207112907    1088000      0            
1010         1765475027   207112918    0            0            
2021         1765475027   207115026    13596        27567824     
1018         1765475027   207322210    36           0            
1217         1765475027   207322221    31           0            
1218         1765475027   207322222    0            0            
1007         1765475027   207322225    0            0            
2021         1765475027   207373984    28           27567776     
1008         1765475027   207618199    0            0            
1009         1765475027   207618203    1088500      0            
1215         1765475027   207618204    1088500      0            
1010         1765475027   207618215    0            0            
2021         1765475027   207620401    13596        27567824     
1018         1765475027   207827230    37           0            
1217         1765475027   207827242    31           0            
1218         1765475027   207827242    0            0            
1007         1765475027   207827245    0            0            
2021         1765475027   207871093    28           27567776     
1008         1765475028   208122935    0            0            
1009         1765475028   208122940    1089000      0            
1215         1765475028   208122940    1089000      0            
1010         1765475028   208122951    0            0            
2021         1765475028   208125136    13596        27567824     
1018         1765475028   208332280    38           0            
1217         1765475028   208332292    31           0            
1218         1765475028   208332292    0            0            
1007         1765475028   208332295    0            0            
2021         1765475028   208385086    28           27567776     
1008         1765475028   208628271    0            0            
1009         1765475028   208628275    1089500      0            
1215         1765475028   208628276    1089500      0            
1010         1765475028   208628287    0            0            
2021         1765475028   208686036    13596        27567824     
1018         1765475028   208837342    39           0            
1217         1765475028   208837353    31           0            
1218         1765475028   208837354    0            0            
1007         1765475028   208837357    0            0            
2021         1765475028   208889287    28           27567776     
1008         1765475029   209133039    0            0            
1009         1765475029   209133043    1090000      0            
1215         1765475029   209133044    1090000      0            
1010         1765475029   209133055    0            0            
2021         1765475029   209135194    13596        27567824     
1018         1765475029   209342382    40           0            
1217         1765475029   209342393    31           0            
1218         1765475029   209342394    0            0            
1007         1765475029   209342397    0            0            
2021         1765475029   209396222    28           27567776     
1008         1765475029   209638373    0            0            
1009         1765475029   209638377    1090500      0            
1215         1765475029   209638378    1090500      0            
1010         1765475029   209638389    0            0            
2021         1765475029   209640520    13596        27567824     
1018         1765475029   209847432    41           0            
1217         1765475029   209847444    31           0            
1218         1765475029   209847445    0            0            
1007         1765475029   209847447    0            0            
2021         1765475029   209903337    28           27567776     
1008         1765475030   210143136    0            0            
1009         1765475030   210143141    1091000      0            
1215         1765475030   210143141    1091000      0            
1010         1765475030   210143152    0            0            
2021         1765475030   210192419    13596        27567824     
1018         1765475030   210352430    42           0            
1217         1765475030   210352442    31           0            
1218         1765475030   210352443    0            0            
1007         1765475030   210352445    0            0            
2021         1765475030   210399391    28           27567776     
1008         1765475030   210648423    0            0            
1009         1765475030   210648427    1091500      0            
1215         1765475030   210648427    1091500      0            
1010         1765475030   210648438    0            0            
2021         1765475030   210702934    13596        27567824     
1018         1765475030   210857573    43           0            
1217         1765475030   210857585    31           0            
1218         1765475030   210857586    0            0            
1007         1765475030   210857588    0            0            
2021         1765475030   210909005    28           27567776     
1008         1765475031   211153278    0            0            
1009         1765475031   211153282    1092000      0            
1215         1765475031   211153283    1092000      0            
1010         1765475031   211153294    0            0            
2021         1765475031   211155349    13596        27567824     
1018         1765475031   211362636    44           0            
1217         1765475031   211362648    31           0            
1218         1765475031   211362648    0            0            
1007         1765475031   211362651    0            0            
2021         1765475031   211416820    28           27567776     
1008         1765475031   211658624    0            0            
1009         1765475031   211658628    1092500      0            
1215         1765475031   211658629    1092500      0            
1010         1765475031   211658640    0            0            
2021         1765475031   211660733    13596        27567824     
1018         1765475031   211867677    45           0            
1217         1765475031   211867689    31           0            
1218         1765475031   211867690    0            0            
1007         1765475031   211867692    0            0            
2021         1765475031   211920486    28           27567776     
1008         1765475032   212163384    0            0            
1009         1765475032   212163388    1093000      0            
1215         1765475032   212163389    1093000      0            
1010         1765475032   212163400    0            0            
2021         1765475032   212207638    13596        27567824     
1018         1765475032   212372766    46           0            
1217         1765475032   212372778    31           0            
1218         1765475032   212372778    0            0            
1007         1765475032   212372781    0            0            
2021         1765475032   212426776    28           27567776     
1008         1765475032   212668752    0            0            
1009         1765475032   212668757    1093500      0            
1215         1765475032   212668757    1093500      0            
1010         1765475032   212668768    0            0            
2021         1765475032   212715246    13596        27567824     
1018         1765475032   212877840    47           0            
1217         1765475032   212877852    31           0            
1218         1765475032   212877852    0            0            
1007         1765475032   212877855    0            0            
2021         1765475032   212933056    28           27567776     
1008         1765475033   213173541    0            0            
1009         1765475033   213173545    1094000      0            
1215         1765475033   213173546    1094000      0            
1010         1765475033   213173557    0            0            
2021         1765475033   213175611    13596        27567824     
1018         1765475033   213382798    48           0            
1217         1765475033   213382809    31           0            
1218         1765475033   213382810    0            0            
1007         1765475033   213382813    0            0            
2021         1765475033   213441282    28           27567776     
1008         1765475033   213678789    0            0            
1009         1765475033   213678793    1094500      0            
1215         1765475033   213678794    1094500      0            
1010         1765475033   213678805    0            0            
2021         1765475033   213680893    13596        27567824     
1018         1765475033   213887880    49           0            
1217         1765475033   213887891    31           0            
1218         1765475033   213887892    0            0            
1007         1765475033   213887895    0            0            
2021         1765475033   213942752    28           27567776     
1008         1765475034   214183582    0            0            
1009         1765475034   214183586    1095000      0            
1215         1765475034   214183586    1095000      0            
1010         1765475034   214183597    0            0            
2021         1765475034   214185704    13596        27567824     
1018         1765475034   214392916    50           0            
1217         1765475034   214392928    31           0            
1218         1765475034   214392929    0            0            
1007         1765475034   214392931    0            0            
2021         1765475034   214445380    28           27567776     
1008         1765475034   214688907    0            0            
1009         1765475034   214688911    1095500      0            
1215         1765475034   214688912    1095500      0            
1010         1765475034   214688923    0            0            
2021         1765475034   214745595    13596        27567824     
1018         1765475034   214897946    51           0            
1217         1765475034   214897958    31           0            
1218         1765475034   214897958    0            0            
1007         1765475034   214897961    0            0            
2021         1765475034   214948687    28           27567776     
1008         1765475035   215193641    0            0            
1009         1765475035   215193645    1096000      0            
1215         1765475035   215193646    1096000      0            
1010         1765475035   215193657    0            0            
2021         1765475035   215195686    13596        27567824     
1018         1765475035   215403014    52           0            
1217         1765475035   215403026    31           0            
1218         1765475035   215403027    0            0            
1007         1765475035   215403029    0            0            
2021         1765475035   215451349    28           27567776     
1008         1765475035   215699009    0            0            
1009         1765475035   215699013    1096500      0            
1215         1765475035   215699014    1096500      0            
1010         1765475035   215699025    0            0            
2021         1765475035   215752481    13596        27567824     
1018         1765475035   215908075    53           0            
1217         1765475035   215908087    31           0            
1218         1765475035   215908088    0            0            
1007         1765475035   215908090    0            0            
2021         1765475035   215955551    28           27567776     
1008         1765475036   216203783    0            0            
1009         1765475036   216203787    1097000      0            
1215         1765475036   216203788    1097000      0            
1010         1765475036   216203799    0            0            
2021         1765475036   216254867    13596        27567824     
1018         1765475036   216413142    54           0            
1217         1765475036   216413154    31           0            
1218         1765475036   216413154    0            0            
1007         1765475036   216413157    0            0            
2021         1765475036   216459069    28           27567776     
1008         1765475036   216709134    0            0            
1009         1765475036   216709138    1097500      0            
1215         1765475036   216709139    1097500      0            
1010         1765475036   216709150    0            0            
2021         1765475036   216711298    13596        27567824     
1018         1765475036   216918152    55           0            
1217         1765475036   216918163    31           0            
1218         1765475036   216918164    0            0            
1007         1765475036   216918167    0            0            
2021         1765475036   216965798    28           27567776     
1008         1765475037   217213854    0            0            
1009         1765475037   217213859    1098000      0            
1215         1765475037   217213859    1098000      0            
1010         1765475037   217213870    0            0            
2021         1765475037   217215898    13596        27567824     
1018         1765475037   217423194    56           0            
1217         1765475037   217423206    31           0            
1218         1765475037   217423207    0            0            
1007         1765475037   217423210    0            0            
2021         1765475037   217469809    28           27567776     
1008         1765475037   217719182    0            0            
1009         1765475037   217719186    1098500      0            
1215         1765475037   217719187    1098500      0            
1010         1765475037   217719198    0            0            
2021         1765475037   217721433    13596        27567824     
1018         1765475037   217928335    57           0            
1217         1765475037   217928347    31           0            
1218         1765475037   217928347    0            0            
1007         1765475037   217928350    0            0            
2021         1765475037   217974947    28           27567776     
1008         1765475038   218224035    0            0            
1009         1765475038   218224039    1099000      0            
1215         1765475038   218224040    1099000      0            
1010         1765475038   218224051    0            0            
2021         1765475038   218226080    13596        27567824     
1018         1765475038   218433319    58           0            
1217         1765475038   218433331    31           0            
1218         1765475038   218433331    0            0            
1007         1765475038   218433334    0            0            
2021         1765475038   218482341    28           27567776     
1008         1765475038   218729310    0            0            
1009         1765475038   218729314    1099500      0            
1215         1765475038   218729315    1099500      0            
1010         1765475038   218729326    0            0            
2021         1765475038   218787524    13596        27567824     
1018         1765475038   218938376    59           0            
1217         1765475038   218938388    31           0            
1218         1765475038   218938388    0            0            
1007         1765475038   218938391    0            0            
2021         1765475038   218991868    28           27567776     
1008         1765475039   219234075    0            0            
1009         1765475039   219234079    1100000      0            
1215         1765475039   219234080    1100000      0            
1010         1765475039   219234091    0            0            
2021         1765475039   219236145    13596        27567824     
1018         1765475039   219443426    60           0            
1217         1765475039   219443437    31           0            
1218         1765475039   219443438    0            0            
1007         1765475039   219443441    0            0            
2021         1765475039   219497093    28           27567776     
1008         1765475039   219739417    0            0            
1009         1765475039   219739422    1100500      0            
1215         1765475039   219739422    1100500      0            
1010         1765475039   219739433    0            0            
2021         1765475039   219787040    13596        27567824     
1018         1765475039   219948510    61           0            
1217         1765475039   219948522    31           0            
1218         1765475039   219948523    0            0            
1007         1765475039   219948525    0            0            
2021         1765475039   219990478    28           27567776     
1008         1765475040   220244209    0            0            
1009         1765475040   220244214    1101000      0            
1215         1765475040   220244214    1101000      0            
1010         1765475040   220244225    0            0            
2021         1765475040   220246284    13596        27567824     
1018         1765475040   220453586    62           0            
1217         1765475040   220453598    31           0            
1218         1765475040   220453599    0            0            
1007         1765475040   220453602    0            0            
2021         1765475040   220499858    28           27567776     
1008         1765475040   220749583    0            0            
1009         1765475040   220749587    1101500      0            
1215         1765475040   220749588    1101500      0            
1010         1765475040   220749598    0            0            
2021         1765475040   220802314    13596        27567824     
1018         1765475040   220958602    63           0            
1217         1765475040   220958614    31           0            
1218         1765475040   220958615    0            0            
1007         1765475040   220958617    0            0            
2021         1765475040   221006937    28           27567776     
1008         1765475041   221254302    0            0            
1009         1765475041   221254306    1102000      0            
1215         1765475041   221254307    1102000      0            
1010         1765475041   221254318    0            0            
2021         1765475041   221256399    13596        27567824     
1018         1765475041   221463660    64           0            
1217         1765475041   221463672    31           0            
1218         1765475041   221463673    0            0            
1007         1765475041   221463676    0            0            
2021         1765475041   221511655    28           27567776     
1008         1765475041   221759656    0            0            
1009         1765475041   221759660    1102500      0            
1215         1765475041   221759661    1102500      0            
1010         1765475041   221759672    0            0            
2021         1765475041   221813263    13596        27567824     
1018         1765475041   221968738    65           0            
1217         1765475041   221968750    31           0            
1218         1765475041   221968750    0            0            
1007         1765475041   221968753    0            0            
2021         1765475041   222017757    28           27567776     
1008         1765475042   222264437    0            0            
1009         1765475042   222264441    1103000      0            
1215         1765475042   222264442    1103000      0            
1010         1765475042   222264453    0            0            
2021         1765475042   222317982    13596        27567824     
1018         1765475042   222473759    66           0            
1217         1765475042   222473771    31           0            
1218         1765475042   222473771    0            0            
1007         1765475042   222473774    0            0            
2021         1765475042   222520890    28           27567776     
1008         1765475042   222769750    0            0            
1009         1765475042   222769754    1103500      0            
1215         1765475042   222769755    1103500      0            
1010         1765475042   222769766    0            0            
2021         1765475042   222823714    13596        27567824     
1018         1765475042   222978831    67           0            
1217         1765475042   222978843    31           0            
1218         1765475042   222978844    0            0            
1007         1765475042   222978846    0            0            
2021         1765475042   223026995    28           27567776     
1008         1765475043   223274537    0            0            
1009         1765475043   223274541    1104000      0            
1215         1765475043   223274542    1104000      0            
1010         1765475043   223274553    0            0            
2021         1765475043   223276632    13596        27567824     
1018         1765475043   223483876    68           0            
1217         1765475043   223483887    31           0            
1218         1765475043   223483888    0            0            
1007         1765475043   223483891    0            0            
2021         1765475043   223536167    28           27567776     
1008         1765475043   223779869    0            0            
1009         1765475043   223779873    1104500      0            
1215         1765475043   223779874    1104500      0            
1010         1765475043   223779885    0            0            
2021         1765475043   223823821    13596        27567824     
1018         1765475043   223988859    69           0            
1217         1765475043   223988871    31           0            
1218         1765475043   223988871    0            0            
1007         1765475043   223988874    0            0            
2021         1765475043   224029796    28           27567776     
1008         1765475044   224284561    0            0            
1009         1765475044   224284565    1105000      0            
1215         1765475044   224284566    1105000      0            
1010         1765475044   224284577    0            0            
2021         1765475044   224333739    13596        27567824     
1018         1765475044   224493924    70           0            
1217         1765475044   224493936    31           0            
1218         1765475044   224493937    0            0            
1007         1765475044   224493940    0            0            
2021         1765475044   224538647    28           27567776     
1008         1765475044   224789917    0            0            
1009         1765475044   224789921    1105500      0            
1215         1765475044   224789922    1105500      0            
1010         1765475044   224789932    0            0            
2021         1765475044   224839338    13596        27567824     
1018         1765475044   224998952    71           0            
1217         1765475044   224998964    31           0            
1218         1765475044   224998964    0            0            
1007         1765475044   224998967    0            0            
2021         1765475044   225043158    28           27567776     
1008         1765475045   225294662    0            0            
1009         1765475045   225294666    1106000      0            
1215         1765475045   225294667    1106000      0            
1010         1765475045   225294678    0            0            
2021         1765475045   225296786    13596        27567824     
1018         1765475045   225504107    72           0            
1217         1765475045   225504119    31           0            
1218         1765475045   225504119    0            0            
1007         1765475045   225504122    0            0            
2021         1765475045   225549862    28           27567776     
1008         1765475045   225800098    0            0            
1009         1765475045   225800102    1106500      0            
1215         1765475045   225800103    1106500      0            
1010         1765475045   225800113    0            0            
2021         1765475045   225802172    13596        27567824     
1018         1765475045   226009147    73           0            
1217         1765475045   226009159    31           0            
1218         1765475045   226009159    0            0            
1007         1765475045   226009162    0            0            
2021         1765475045   226060407    28           27567776     
1008         1765475046   226304852    0            0            
1009         1765475046   226304856    1107000      0            
1215         1765475046   226304857    1107000      0            
1010         1765475046   226304868    0            0            
2021         1765475046   226306923    13596        27567824     
1018         1765475046   226514127    74           0            
1217         1765475046   226514139    31           0            
1218         1765475046   226514139    0            0            
1007         1765475046   226514142    0            0            
2021         1765475046   226556613    28           27567776     
1008         1765475046   226810118    0            0            
1009         1765475046   226810122    1107500      0            
1215         1765475046   226810123    1107500      0            
1010         1765475046   226810134    0            0            
2021         1765475046   226812188    13596        27567824     
1018         1765475046   227019209    75           0            
1217         1765475046   227019221    31           0            
1218         1765475046   227019222    0            0            
1007         1765475046   227019224    0            0            
2021         1765475046   227065652    28           27567776     
1008         1765475047   227314914    0            0            
1009         1765475047   227314918    1108000      0            
1215         1765475047   227314919    1108000      0            
1010         1765475047   227314929    0            0            
2021         1765475047   227317111    13596        27567824     
1018         1765475047   227524287    76           0            
1217         1765475047   227524299    31           0            
1218         1765475047   227524299    0            0            
1007         1765475047   227524302    0            0            
2021         1765475047   227569526    28           27567776     
1008         1765475047   227820281    0            0            
1009         1765475047   227820285    1108500      0            
1215         1765475047   227820286    1108500      0            
1010         1765475047   227820297    0            0            
2021         1765475047   227822408    13596        27567824     
1018         1765475047   228029259    77           0            
1217         1765475047   228029271    31           0            
1218         1765475047   228029272    0            0            
1007         1765475047   228029274    0            0            
2021         1765475047   228075358    28           27567776     
1008         1765475048   228324963    0            0            
1009         1765475048   228324967    1109000      0            
1215         1765475048   228324968    1109000      0            
1010         1765475048   228324979    0            0            
2021         1765475048   228375797    13596        27567824     
1018         1765475048   228534303    78           0            
1217         1765475048   228534315    31           0            
1218         1765475048   228534316    0            0            
1007         1765475048   228534318    0            0            
2021         1765475048   228579027    28           27567776     
1008         1765475048   228830300    0            0            
1009         1765475048   228830304    1109500      0            
1215         1765475048   228830305    1109500      0            
1010         1765475048   228830316    0            0            
2021         1765475048   228880743    13596        27567824     
1018         1765475048   229039371    79           0            
1217         1765475048   229039383    31           0            
1218         1765475048   229039384    0            0            
1007         1765475048   229039386    0            0            
2021         1765475048   229085813    28           27567776     
1008         1765475049   229335076    0            0            
1009         1765475049   229335080    1110000      0            
1215         1765475049   229335081    1110000      0            
1010         1765475049   229335092    0            0            
2021         1765475049   229391466    13596        27567824     
1018         1765475049   229544469    80           0            
1217         1765475049   229544481    31           0            
1218         1765475049   229544481    0            0            
1007         1765475049   229544484    0            0            
2021         1765475049   229594869    28           27567776     
1008         1765475049   229840462    0            0            
1009         1765475049   229840466    1110500      0            
1215         1765475049   229840467    1110500      0            
1010         1765475049   229840478    0            0            
2021         1765475049   229842612    13596        27567824     
1018         1765475049   230049481    81           0            
1217         1765475049   230049492    31           0            
1218         1765475049   230049493    0            0            
1007         1765475049   230049496    0            0            
2021         1765475049   230099364    28           27567776     
1008         1765475050   230345189    0            0            
1009         1765475050   230345193    1111000      0            
1215         1765475050   230345194    1111000      0            
1010         1765475050   230345204    0            0            
2021         1765475050   230399471    13596        27567824     
1018         1765475050   230554550    82           0            
1217         1765475050   230554562    31           0            
1218         1765475050   230554563    0            0            
1007         1765475050   230554565    0            0            
2021         1765475050   230604432    28           27567776     
1008         1765475050   230850540    0            0            
1009         1765475050   230850544    1111500      0            
1215         1765475050   230850545    1111500      0            
1010         1765475050   230850556    0            0            
2021         1765475050   230852557    13596        27567824     
1018         1765475050   231059650    83           0            
1217         1765475050   231059661    31           0            
1218         1765475050   231059662    0            0            
1007         1765475050   231059665    0            0            
2021         1765475050   231111770    28           27567776     
1008         1765475051   231355356    0            0            
1009         1765475051   231355360    1112000      0            
1215         1765475051   231355361    1112000      0            
1010         1765475051   231355372    0            0            
2021         1765475051   231357441    13596        27567824     
1018         1765475051   231564596    84           0            
1217         1765475051   231564607    31           0            
1218         1765475051   231564608    0            0            
1007         1765475051   231564611    0            0            
2021         1765475051   231616028    28           27567776     
1008         1765475051   231860590    0            0            
1009         1765475051   231860594    1112500      0            
1215         1765475051   231860595    1112500      0            
1010         1765475051   231860606    0            0            
2021         1765475051   231862640    13596        27567824     
1018         1765475051   232069689    85           0            
1217         1765475051   232069701    31           0            
1218         1765475051   232069701    0            0            
1007         1765475051   232069704    0            0            
2021         1765475051   232112519    28           27567776     
1008         1765475052   232365396    0            0            
1009         1765475052   232365400    1113000      0            
1215         1765475052   232365400    1113000      0            
1010         1765475052   232365411    0            0            
2021         1765475052   232411176    13596        27567824     
1018         1765475052   232574708    86           0            
1217         1765475052   232574719    31           0            
1218         1765475052   232574720    0            0            
1007         1765475052   232574723    0            0            
2021         1765475052   232617195    28           27567776     
1008         1765475052   232870706    0            0            
1009         1765475052   232870710    1113500      0            
1215         1765475052   232870711    1113500      0            
1010         1765475052   232870722    0            0            
2021         1765475052   232919867    13596        27567824     
1018         1765475052   233079804    87           0            
1217         1765475052   233079816    31           0            
1218         1765475052   233079817    0            0            
1007         1765475052   233079819    0            0            
2021         1765475052   233126591    28           27567776     
1008         1765475053   233375513    0            0            
1009         1765475053   233375517    1114000      0            
1215         1765475053   233375518    1114000      0            
1010         1765475053   233375529    0            0            
2021         1765475053   233377663    13596        27567824     
1018         1765475053   233584840    88           0            
1217         1765475053   233584852    31           0            
1218         1765475053   233584852    0            0            
1007         1765475053   233584855    0            0            
2021         1765475053   233635928    28           27567776     
1008         1765475053   233880827    0            0            
1009         1765475053   233880831    1114500      0            
1215         1765475053   233880832    1114500      0            
1010         1765475053   233880843    0            0            
2021         1765475053   233882902    13596        27567824     
1018         1765475053   234089920    89           0            
1217         1765475053   234089932    31           0            
1218         1765475053   234089933    0            0            
1007         1765475053   234089936    0            0            
2021         1765475053   234132064    28           27567776     
1008         1765475054   234385630    0            0            
1009         1765475054   234385634    1115000      0            
1215         1765475054   234385635    1115000      0            
1010         1765475054   234385646    0            0            
2021         1765475054   234429817    13596        27567824     
1018         1765475054   234594936    90           0            
1217         1765475054   234594948    31           0            
1218         1765475054   234594948    0            0            
1007         1765475054   234594951    0            0            
2021         1765475054   234637251    28           27567776     
1008         1765475054   234890926    0            0            
1009         1765475054   234890931    1115500      0            
1215         1765475054   234890931    1115500      0            
1010         1765475054   234890942    0            0            
2021         1765475054   234940532    13596        27567824     
1018         1765475054   235099995    91           0            
1217         1765475054   235100007    31           0            
1218         1765475054   235100008    0            0            
1007         1765475054   235100010    0            0            
2021         1765475054   235146264    28           27567776     
1008         1765475055   235395702    0            0            
1009         1765475055   235395706    1116000      0            
1215         1765475055   235395707    1116000      0            
1010         1765475055   235395718    0            0            
2021         1765475055   235446074    13596        27567824     
1018         1765475055   235605038    92           0            
1217         1765475055   235605049    31           0            
1218         1765475055   235605050    0            0            
1007         1765475055   235605053    0            0            
2021         1765475055   235649072    28           27567776     
1008         1765475055   235901032    0            0            
1009         1765475055   235901036    1116500      0            
1215         1765475055   235901037    1116500      0            
1010         1765475055   235901048    0            0            
2021         1765475055   235903203    13596        27567824     
1018         1765475055   236110050    93           0            
1217         1765475055   236110062    31           0            
1218         1765475055   236110063    0            0            
1007         1765475055   236110065    0            0            
2021         1765475055   236155117    28           27567776     
1008         1765475056   236405752    0            0            
1009         1765475056   236405756    1117000      0            
1215         1765475056   236405756    1117000      0            
1010         1765475056   236405767    0            0            
2021         1765475056   236407911    13596        27567824     
1018         1765475056   236615147    94           0            
1217         1765475056   236615159    31           0            
1218         1765475056   236615160    0            0            
1007         1765475056   236615162    0            0            
2021         1765475056   236661590    28           27567776     
1008         1765475056   236911141    0            0            
1009         1765475056   236911145    1117500      0            
1215         1765475056   236911146    1117500      0            
1010         1765475056   236911156    0            0            
2021         1765475056   236961599    13596        27567824     
1018         1765475056   237120208    95           0            
1217         1765475056   237120220    31           0            
1218         1765475056   237120221    0            0            
1007         1765475056   237120223    0            0            
2021         1765475056   237165275    28           27567776     
1008         1765475057   237415913    0            0            
1009         1765475057   237415918    1118000      0            
1215         1765475057   237415918    1118000      0            
1010         1765475057   237415929    0            0            
2021         1765475057   237463176    13596        27567824     
1018         1765475057   237625266    96           0            
1217         1765475057   237625277    31           0            
1218         1765475057   237625278    0            0            
1007         1765475057   237625281    0            0            
2021         1765475057   237680655    28           27567776     
1008         1765475057   237921256    0            0            
1009         1765475057   237921260    1118500      0            
1215         1765475057   237921261    1118500      0            
1010         1765475057   237921272    0            0            
2021         1765475057   237923349    13596        27567824     
1018         1765475057   238130163    97           0            
1217         1765475057   238130175    31           0            
1218         1765475057   238130175    0            0            
1007         1765475057   238130178    0            0            
2021         1765475057   238178153    28           27567776     
1008         1765475058   238425866    0            0            
1009         1765475058   238425870    1119000      0            
1215         1765475058   238425871    1119000      0            
1010         1765475058   238425881    0            0            
2021         1765475058   238480990    13596        27567824     
1018         1765475058   238635298    98           0            
1217         1765475058   238635310    31           0            
1218         1765475058   238635311    0            0            
1007         1765475058   238635313    0            0            
2021         1765475058   238683459    28           27567776     
1008         1765475058   238931289    0            0            
1009         1765475058   238931293    1119500      0            
1215         1765475058   238931294    1119500      0            
1010         1765475058   238931305    0            0            
2021         1765475058   238933332    13596        27567824     
1018         1765475058   239140420    99           0            
1217         1765475058   239140432    31           0            
1218         1765475058   239140433    0            0            
1007         1765475058   239140436    0            0            
2021         1765475058   239189959    28           27567776     
1008         1765475059   239436125    0            0            
1009         1765475059   239436130    1120000      0            
1215         1765475059   239436130    1120000      0            
1010         1765475059   239436141    0            0            
2021         1765475059   239493058    13596        27567824     
1018         1765475059   239645442    100          0            
1217         1765475059   239645454    31           0            
1218         1765475059   239645454    0            0            
1007         1765475059   239645457    0            0            
2021         1765475059   239696014    28           27567776     
1008         1765475059   239941434    0            0            
1009         1765475059   239941439    1120500      0            
1215         1765475059   239941439    1120500      0            
1010         1765475059   239941450    0            0            
2021         1765475059   239943506    13596        27567824     
1018         1765475059   240150521    101          0            
1217         1765475059   240150533    31           0            
1218         1765475059   240150533    0            0            
1007         1765475059   240150536    0            0            
2021         1765475059   240205055    28           27567776     
1008         1765475060   240446235    0            0            
1009         1765475060   240446239    1121000      0            
1215         1765475060   240446240    1121000      0            
1010         1765475060   240446251    0            0            
2021         1765475060   240493903    13596        27567824     
1018         1765475060   240655529    102          0            
1217         1765475060   240655541    31           0            
1218         1765475060   240655542    0            0            
1007         1765475060   240655544    0            0            
2021         1765475060   240699564    28           27567776     
1008         1765475060   240951520    0            0            
1009         1765475060   240951525    1121500      0            
1215         1765475060   240951525    1121500      0            
1010         1765475060   240951536    0            0            
2021         1765475060   241000339    13596        27567824     
1018         1765475060   241160601    103          0            
1217         1765475060   241160613    31           0            
1218         1765475060   241160614    0            0            
1007         1765475060   241160616    0            0            
2021         1765475060   241201887    28           27567776     
1008         1765475061   241456310    0            0            
1009         1765475061   241456314    1122000      0            
1215         1765475061   241456315    1122000      0            
1010         1765475061   241456326    0            0            
2021         1765475061   241508302    13596        27567824     
1018         1765475061   241665603    104          0            
1217         1765475061   241665615    31           0            
1218         1765475061   241665615    0            0            
1007         1765475061   241665618    0            0            
2021         1765475061   241711699    28           27567776     
1008         1765475061   241961593    0            0            
1009         1765475061   241961598    1122500      0            
1215         1765475061   241961598    1122500      0            
1010         1765475061   241961609    0            0            
2021         1765475061   241963637    13596        27567824     
1018         1765475061   242170688    105          0            
1217         1765475061   242170700    31           0            
1218         1765475061   242170700    0            0            
1007         1765475061   242170703    0            0            
2021         1765475061   242223497    28           27567776     
1008         1765475062   242466391    0            0            
1009         1765475062   242466395    1123000      0            
1215         1765475062   242466396    1123000      0            
1010         1765475062   242466407    0            0            
2021         1765475062   242509423    13596        27567824     
1018         1765475062   242675708    106          0            
1217         1765475062   242675720    31           0            
1218         1765475062   242675721    0            0            
1007         1765475062   242675723    0            0            
2021         1765475062   242727484    28           27567776     
1008         1765475062   242971702    0            0            
1009         1765475062   242971706    1123500      0            
1215         1765475062   242971707    1123500      0            
1010         1765475062   242971717    0            0            
2021         1765475062   243028293    13596        27567824     
1018         1765475062   243180840    107          0            
1217         1765475062   243180852    31           0            
1218         1765475062   243180852    0            0            
1007         1765475062   243180855    0            0            
2021         1765475062   243230722    28           27567776     
1008         1765475063   243476542    0            0            
1009         1765475063   243476546    1124000      0            
1215         1765475063   243476547    1124000      0            
1010         1765475063   243476558    0            0            
2021         1765475063   243532567    13596        27567824     
1018         1765475063   243685862    108          0            
1217         1765475063   243685874    31           0            
1218         1765475063   243685875    0            0            
1007         1765475063   243685878    0            0            
2021         1765475063   243739360    28           27567776     
1008         1765475063   243981858    0            0            
1009         1765475063   243981862    1124500      0            
1215         1765475063   243981863    1124500      0            
1010         1765475063   243981874    0            0            
2021         1765475063   243983909    13596        27567824     
1018         1765475063   244190899    109          0            
1217         1765475063   244190911    31           0            
1218         1765475063   244190911    0            0            
1007         1765475063   244190914    0            0            
2021         1765475063   244242159    28           27567776     
1008         1765475064   244486601    0            0            
1009         1765475064   244486605    1125000      0            
1215         1765475064   244486605    1125000      0            
1010         1765475064   244486617    0            0            
2021         1765475064   244541495    13596        27567824     
1018         1765475064   244695964    110          0            
1217         1765475064   244695975    31           0            
1218         1765475064   244695976    0            0            
1007         1765475064   244695979    0            0            
2021         1765475064   244743954    28           27567776     
1008         1765475064   244991949    0            0            
1009         1765475064   244991954    1125500      0            
1215         1765475064   244991954    1125500      0            
1010         1765475064   244991965    0            0            
2021         1765475064   245044972    13596        27567824     
1018         1765475064   245201027    111          0            
1217         1765475064   245201038    31           0            
1218         1765475064   245201039    0            0            
1007         1765475064   245201042    0            0            
2021         1765475064   245248672    28           27567776     
1008         1765475065   245496727    0            0            
1009         1765475065   245496731    1126000      0            
1215         1765475065   245496732    1126000      0            
1010         1765475065   245496743    0            0            
2021         1765475065   245498849    13596        27567824     
1018         1765475065   245706090    112          0            
1217         1765475065   245706102    31           0            
1218         1765475065   245706102    0            0            
1007         1765475065   245706105    0            0            
2021         1765475065   245747889    28           27567776     
1008         1765475065   246002083    0            0            
1009         1765475065   246002087    1126500      0            
1215         1765475065   246002088    1126500      0            
1010         1765475065   246002099    0            0            
2021         1765475065   246055264    13596        27567824     
1018         1765475065   246211075    113          0            
1217         1765475065   246211087    31           0            
1218         1765475065   246211087    0            0            
1007         1765475065   246211090    0            0            
2021         1765475065   246259068    28           27567776     
1008         1765475066   246506778    0            0            
1009         1765475066   246506782    1127000      0            
1215         1765475066   246506783    1127000      0            
1010         1765475066   246506794    0            0            
2021         1765475066   246558617    13596        27567824     
1018         1765475066   246716152    114          0            
1217         1765475066   246716164    31           0            
1218         1765475066   246716164    0            0            
1007         1765475066   246716167    0            0            
2021         1765475066   246761562    28           27567776     
1008         1765475066   247012146    0            0            
1009         1765475066   247012151    1127500      0            
1215         1765475066   247012151    1127500      0            
1010         1765475066   247012162    0            0            
2021         1765475066   247014244    13596        27567824     
1018         1765475066   247221297    115          0            
1217         1765475066   247221309    31           0            
1218         1765475066   247221310    0            0            
1007         1765475066   247221313    0            0            
2021         1765475066   247269290    28           27567776     
1008         1765475067   247516996    0            0            
1009         1765475067   247517000    1128000      0            
1215         1765475067   247517001    1128000      0            
1010         1765475067   247517012    0            0            
2021         1765475067   247572003    13596        27567824     
1018         1765475067   247726255    116          0            
1217         1765475067   247726267    31           0            
1218         1765475067   247726267    0            0            
1007         1765475067   247726270    0            0            
2021         1765475067   247776137    28           27567776     
1008         1765475067   248022241    0            0            
1009         1765475067   248022245    1128500      0            
1215         1765475067   248022246    1128500      0            
1010         1765475067   248022257    0            0            
2021         1765475067   248080217    13596        27567824     
1018         1765475067   248231305    117          0            
1217         1765475067   248231316    31           0            
1218         1765475067   248231317    0            0            
1007         1765475067   248231320    0            0            
2021         1765475067   248282221    28           27567776     
1008         1765475068   248527004    0            0            
1009         1765475068   248527008    1129000      0            
1215         1765475068   248527009    1129000      0            
1010         1765475068   248527020    0            0            
2021         1765475068   248585399    13596        27567824     
1018         1765475068   248736432    118          0            
1217         1765475068   248736444    31           0            
1218         1765475068   248736445    0            0            
1007         1765475068   248736447    0            0            
2021         1765475068   248788379    28           27567776     
1008         1765475068   249032419    0            0            
1009         1765475068   249032424    1129500      0            
1215         1765475068   249032424    1129500      0            
1010         1765475068   249032435    0            0            
2021         1765475068   249034564    13596        27567824     
1018         1765475068   249241457    119          0            
1217         1765475068   249241469    31           0            
1218         1765475068   249241470    0            0            
1007         1765475068   249241472    0            0            
2021         1765475068   249285321    28           27567776     
1008         1765475069   249537154    0            0            
1009         1765475069   249537158    1130000      0            
1215         1765475069   249537158    1130000      0            
1010         1765475069   249537169    0            0            
2021         1765475069   249589049    13596        27567824     
1018         1765475069   249746576    120          0            
1217         1765475069   249746588    31           0            
1218         1765475069   249746589    0            0            
1007         1765475069   249746591    0            0            
2021         1765475069   249791817    28           27567776     
1008         1765475069   250042576    0            0            
1010         1765475069   250042581    0            0            
2021         1765475069   250044647    13596        27567824     
50001        1            1436502      0            0            
50002        1764777195   3996673270   4875         0            
50003        1            1436503      0            0            
50004        1            1436503      0            0            
