12           1765475607   794190981    100794379    0            
15           1765475607   794190981    1000000      0            
2021         1765475607   794191774    24           27567776     
2021         1765475607   794194568    25880        27567808     
2100         1765475607   794194614    1            17039424     
2107         1765475608   794538851    1            17039424     
2007         1765475609   794611650    1765475608   0            
15           1765475609   794611650    1000000      0            
2021         1765475609   794612357    20           27567776     
1012         1765475609   794623223    4294967295   1130000      
2001         1765475609   794623224    1070000      1130000      
2002         1765475609   794623225    500          0            
2003         1765475609   794623225    4294967295   0            
2004         1765475609   794623226    1            0            
1000         1765475609   794623233    0            0            
1205         1765475609   794623236    33700        0            
1217         1765475609   794623360    31           0            
1218         1765475609   794623360    0            0            
1203         1765475609   794662370    4294966658   988          
1201         1765475609   794662371    10           0            
2021         1765475609   794670579    28           27567776     
1203         1765475609   794748756    4294966658   943          
1013         1765475609   794748757    0            0            
1014         1765475610   795806658    0            0            
1203         1765475610   795845560    4294966658   999          
1125         1765475610   795845561    23           0            
1117         1765475610   795845710    3100         0            
1118         1765475610   795865024    3573         0            
1119         1765475610   795874708    0            0            
1120         1765475610   795904363    4294939896   4294964235   
1121         1765475610   795933990    0            0            
1122         1765475610   795963644    4294939896   4294964235   
1124         1765475610   795963646    0            0            
1123         1765475610   796261204    0            0            
1100         1765475610   796323127    28876        0            
1101         1765475610   796323128    0            22044        
1115         1765475610   796323128    644158       2105128040   
1116         1765475610   796323129    29           950418594    
1203         1765475610   796362184    4294966659   992          
1201         1765475610   796362185    10           0            
1204         1765475611   797448782    11540        10           
1202         1765475611   797448783    11540        0            
1203         1765475611   797545058    4294966657   999          
1125         1765475611   797545059    23           0            
1126         1765475611   797545059    0            0            
1126         1765475611   797545060    1            0            
1108         1765475611   797545061    104          0            
1217         1765475611   797545065    31           0            
1218         1765475611   797545066    0            0            
1215         1765475611   797545069    1130000      1            
1217         1765475611   797584422    31           0            
1218         1765475611   797584422    0            0            
1001         1765475611   797584425    1            0            
1002         1765475612   797880251    0            0            
2021         1765475612   797882929    13592        27567824     
1018         1765475612   797978913    120          0            
1003         1765475612   797978915    0            0            
1201         1765475612   797978915    10           0            
2021         1765475612   798034249    28           27567776     
1203         1765475612   798065366    4294966657   994          
1013         1765475612   798065366    0            0            
1014         1765475613   799089487    0            0            
1203         1765475613   799129547    4294966656   1000         
1125         1765475613   799129548    23           0            
1117         1765475613   799129697    3100         0            
1118         1765475613   799149011    3579         0            
1119         1765475613   799175178    0            0            
1120         1765475613   799204832    4294939896   4294964235   
1121         1765475613   799234489    0            0            
1122         1765475613   799264139    4294939896   4294964235   
1123         1765475613   799264141    0            0            
1100         1765475613   799326081    28888        0            
1101         1765475613   799326082    0            22432        
1115         1765475613   799326082    635407       1361443744   
1116         1765475613   799326083    28           1399440298   
1203         1765475613   799365136    4294966659   999          
1201         1765475613   799365137    10           0            
1204         1765475614   800479084    11542        10           
1202         1765475614   800479084    11542        0            
1203         1765475614   800575675    4294966656   999          
1125         1765475614   800575675    23           0            
1124         1765475614   800575676    1            0            
1215         1765475615   800857164    1130000      0            
1217         1765475615   800907539    31           0            
1218         1765475615   800907539    0            0            
1007         1765475615   800907542    0            0            
1008         1765475615   801203363    0            0            
1009         1765475615   801203367    1129500      0            
1215         1765475615   801203368    1129500      0            
1010         1765475615   801203379    0            0            
2021         1765475615   801205517    13596        27567824     
1018         1765475615   801261678    119          0            
1217         1765475615   801261690    31           0            
1218         1765475615   801261690    0            0            
1007         1765475615   801261693    0            0            
2021         1765475615   801431462    28           27567776     
1008         1765475615   801557668    0            0            
1009         1765475615   801557672    1129000      0            
1215         1765475615   801557673    1129000      0            
1010         1765475615   801557684    0            0            
2021         1765475615   801642746    13596        27567824     
1018         1765475616   801766716    118          0            
1217         1765475616   801766728    31           0            
1218         1765475616   801766729    0            0            
1007         1765475616   801766731    0            0            
2021         1765475616   801835350    28           27567776     
1008         1765475616   802062424    0            0            
1009         1765475616   802062429    1128500      0            
1215         1765475616   802062429    1128500      0            
1010         1765475616   802062440    0            0            
2021         1765475616   802239760    13596        27567824     
1018         1765475616   802271792    117          0            
1217         1765475616   802271804    31           0            
1218         1765475616   802271805    0            0            
1007         1765475616   802271807    0            0            
2021         1765475616   802448975    28           27567776     
1008         1765475616   802567783    0            0            
1009         1765475616   802567787    1128000      0            
1215         1765475616   802567788    1128000      0            
1010         1765475616   802567799    0            0            
2021         1765475616   802643494    13596        27567824     
1018         1765475617   802776832    116          0            
1217         1765475617   802776844    31           0            
1218         1765475617   802776845    0            0            
1007         1765475617   802776848    0            0            
2021         1765475617   802851832    28           27567776     
1008         1765475617   803072532    0            0            
1009         1765475617   803072536    1127500      0            
1215         1765475617   803072537    1127500      0            
1010         1765475617   803072548    0            0            
2021         1765475617   803158310    13596        27567824     
1018         1765475617   803281897    115          0            
1217         1765475617   803281909    31           0            
1218         1765475617   803281910    0            0            
1007         1765475617   803281912    0            0            
2021         1765475617   803351565    28           27567776     
1008         1765475617   803577887    0            0            
1009         1765475617   803577891    1127000      0            
1215         1765475617   803577891    1127000      0            
1010         1765475617   803577902    0            0            
2021         1765475618   803755968    13596        27567824     
1018         1765475618   803786944    114          0            
1217         1765475618   803786956    31           0            
1218         1765475618   803786957    0            0            
1007         1765475618   803786959    0            0            
2021         1765475618   803965329    28           27567776     
1008         1765475618   804082647    0            0            
1009         1765475618   804082651    1126500      0            
1215         1765475618   804082652    1126500      0            
1010         1765475618   804082662    0            0            
2021         1765475618   804084741    13596        27567824     
1018         1765475618   804291996    113          0            
1217         1765475618   804292008    31           0            
1218         1765475618   804292008    0            0            
1007         1765475618   804292011    0            0            
2021         1765475618   804368029    28           27567776     
1008         1765475618   804587990    0            0            
1009         1765475618   804587994    1126000      0            
1215         1765475618   804587995    1126000      0            
1010         1765475618   804588006    0            0            
2021         1765475618   804674657    13596        27567824     
1018         1765475619   804797023    112          0            
1217         1765475619   804797035    31           0            
1218         1765475619   804797035    0            0            
1007         1765475619   804797038    0            0            
2021         1765475619   804867720    28           27567776     
1008         1765475619   805092719    0            0            
1009         1765475619   805092724    1125500      0            
1215         1765475619   805092724    1125500      0            
1010         1765475619   805092735    0            0            
2021         1765475619   805272239    13596        27567824     
1018         1765475619   805302079    111          0            
1217         1765475619   805302091    31           0            
1218         1765475619   805302092    0            0            
1007         1765475619   805302094    0            0            
2021         1765475619   805481496    28           27567776     
1008         1765475619   805598069    0            0            
1009         1765475619   805598074    1125000      0            
1215         1765475619   805598074    1125000      0            
1010         1765475619   805598085    0            0            
2021         1765475619   805676129    13596        27567824     
1018         1765475620   805807466    110          0            
1217         1765475620   805807478    31           0            
1218         1765475620   805807479    0            0            
1007         1765475620   805807481    0            0            
2021         1765475620   805884360    28           27567776     
1008         1765475620   806103173    0            0            
1009         1765475620   806103177    1124500      0            
1215         1765475620   806103178    1124500      0            
1010         1765475620   806103189    0            0            
2021         1765475620   806288978    13596        27567824     
1018         1765475620   806312432    109          0            
1217         1765475620   806312444    31           0            
1218         1765475620   806312444    0            0            
1007         1765475620   806312447    0            0            
2021         1765475620   806482044    28           27567776     
1008         1765475620   806608428    0            0            
1009         1765475620   806608432    1124000      0            
1215         1765475620   806608433    1124000      0            
1010         1765475620   806608444    0            0            
2021         1765475620   806692719    13596        27567824     
1018         1765475621   806817271    108          0            
1217         1765475621   806817283    31           0            
1218         1765475621   806817284    0            0            
1007         1765475621   806817286    0            0            
2021         1765475621   806885905    28           27567776     
1008         1765475621   807112976    0            0            
1009         1765475621   807112980    1123500      0            
1215         1765475621   807112981    1123500      0            
1010         1765475621   807112992    0            0            
2021         1765475621   807290402    13596        27567824     
1018         1765475621   807322361    107          0            
1217         1765475621   807322372    31           0            
1218         1765475621   807322373    0            0            
1007         1765475621   807322376    0            0            
2021         1765475621   807499540    28           27567776     
1008         1765475621   807618347    0            0            
1009         1765475621   807618352    1123000      0            
1215         1765475621   807618352    1123000      0            
1010         1765475621   807618363    0            0            
2021         1765475621   807692970    13596        27567824     
1018         1765475622   807827352    106          0            
1217         1765475622   807827364    31           0            
1218         1765475622   807827364    0            0            
1007         1765475622   807827367    0            0            
2021         1765475622   807999199    28           27567776     
1008         1765475622   808123055    0            0            
1009         1765475622   808123059    1122500      0            
1215         1765475622   808123060    1122500      0            
1010         1765475622   808123071    0            0            
2021         1765475622   808208032    13596        27567824     
1018         1765475622   808332399    105          0            
1217         1765475622   808332411    31           0            
1218         1765475622   808332411    0            0            
1007         1765475622   808332414    0            0            
2021         1765475622   808400002    28           27567776     
1008         1765475622   808628388    0            0            
1009         1765475622   808628392    1122000      0            
1215         1765475622   808628393    1122000      0            
1010         1765475622   808628404    0            0            
2021         1765475622   808704381    13596        27567824     
1018         1765475623   808837438    104          0            
1217         1765475623   808837450    31           0            
1218         1765475623   808837451    0            0            
1007         1765475623   808837454    0            0            
2021         1765475623   808913815    28           27567776     
1008         1765475623   809133140    0            0            
1009         1765475623   809133145    1121500      0            
1215         1765475623   809133145    1121500      0            
1010         1765475623   809133156    0            0            
2021         1765475623   809220150    13596        27567824     
1018         1765475623   809342484    103          0            
1217         1765475623   809342496    31           0            
1218         1765475623   809342497    0            0            
1007         1765475623   809342500    0            0            
2021         1765475623   809396151    28           27567776     
1008         1765475623   809638474    0            0            
1009         1765475623   809638478    1121000      0            
1215         1765475623   809638478    1121000      0            
1010         1765475623   809638489    0            0            
2021         1765475623   809686307    13596        27567824     
1018         1765475624   809847504    102          0            
1217         1765475624   809847516    31           0            
1218         1765475624   809847517    0            0            
1007         1765475624   809847520    0            0            
2021         1765475624   809893777    28           27567776     
1008         1765475624   810143208    0            0            
1009         1765475624   810143213    1120500      0            
1215         1765475624   810143213    1120500      0            
1010         1765475624   810143224    0            0            
2021         1765475624   810145322    13596        27567824     
1018         1765475624   810352557    101          0            
1217         1765475624   810352569    31           0            
1218         1765475624   810352570    0            0            
1007         1765475624   810352572    0            0            
2021         1765475624   810403990    28           27567776     
1008         1765475624   810648545    0            0            
1009         1765475624   810648549    1120000      0            
1215         1765475624   810648550    1120000      0            
1010         1765475624   810648561    0            0            
2021         1765475624   810691330    13596        27567824     
1018         1765475625   810857597    100          0            
1217         1765475625   810857609    31           0            
1218         1765475625   810857609    0            0            
1007         1765475625   810857612    0            0            
2021         1765475625   810898708    28           27567776     
1008         1765475625   811153301    0            0            
1009         1765475625   811153305    1119500      0            
1215         1765475625   811153306    1119500      0            
1010         1765475625   811153316    0            0            
2021         1765475625   811203127    13596        27567824     
1018         1765475625   811362628    99           0            
1217         1765475625   811362640    31           0            
1218         1765475625   811362640    0            0            
1007         1765475625   811362643    0            0            
2021         1765475625   811410277    28           27567776     
1008         1765475625   811658627    0            0            
1009         1765475625   811658631    1119000      0            
1215         1765475625   811658632    1119000      0            
1010         1765475625   811658643    0            0            
2021         1765475625   811711310    13596        27567824     
1018         1765475626   811867780    98           0            
1217         1765475626   811867792    31           0            
1218         1765475626   811867792    0            0            
1007         1765475626   811867795    0            0            
2021         1765475626   811916460    28           27567776     
1008         1765475626   812163484    0            0            
1009         1765475626   812163488    1118500      0            
1215         1765475626   812163489    1118500      0            
1010         1765475626   812163500    0            0            
2021         1765475626   812215927    13596        27567824     
1018         1765475626   812372857    97           0            
1217         1765475626   812372869    31           0            
1218         1765475626   812372870    0            0            
1007         1765475626   812372873    0            0            
2021         1765475626   812423431    28           27567776     
1008         1765475626   812668848    0            0            
1009         1765475626   812668852    1118000      0            
1215         1765475626   812668853    1118000      0            
1010         1765475626   812668864    0            0            
2021         1765475626   812670969    13596        27567824     
1018         1765475627   812877863    96           0            
1217         1765475627   812877875    31           0            
1218         1765475627   812877876    0            0            
1007         1765475627   812877879    0            0            
2021         1765475627   812924652    28           27567776     
1008         1765475627   813173572    0            0            
1009         1765475627   813173576    1117500      0            
1215         1765475627   813173577    1117500      0            
1010         1765475627   813173588    0            0            
2021         1765475627   813175750    13596        27567824     
1018         1765475627   813382930    95           0            
1217         1765475627   813382942    31           0            
1218         1765475627   813382943    0            0            
1007         1765475627   813382945    0            0            
2021         1765475627   813430577    28           27567776     
1008         1765475627   813678919    0            0            
1009         1765475627   813678923    1117000      0            
1215         1765475627   813678924    1117000      0            
1010         1765475627   813678935    0            0            
2021         1765475627   813739742    13596        27567824     
1018         1765475628   813887943    94           0            
1217         1765475628   813887955    31           0            
1218         1765475628   813887956    0            0            
1007         1765475628   813887959    0            0            
2021         1765475628   813937485    28           27567776     
1008         1765475628   814183648    0            0            
1009         1765475628   814183652    1116500      0            
1215         1765475628   814183653    1116500      0            
1010         1765475628   814183664    0            0            
2021         1765475628   814185799    13596        27567824     
1018         1765475628   814392994    93           0            
1217         1765475628   814393006    31           0            
1218         1765475628   814393006    0            0            
1007         1765475628   814393009    0            0            
2021         1765475628   814440646    28           27567776     
1008         1765475628   814688990    0            0            
1009         1765475628   814688994    1116000      0            
1215         1765475628   814688995    1116000      0            
1010         1765475628   814689006    0            0            
2021         1765475628   814691154    13596        27567824     
1018         1765475629   814898109    92           0            
1217         1765475629   814898121    31           0            
1218         1765475629   814898121    0            0            
1007         1765475629   814898124    0            0            
2021         1765475629   814945758    28           27567776     
1008         1765475629   815193810    0            0            
1009         1765475629   815193814    1115500      0            
1215         1765475629   815193815    1115500      0            
1010         1765475629   815193826    0            0            
2021         1765475629   815195935    13596        27567824     
1018         1765475629   815403162    91           0            
1217         1765475629   815403174    31           0            
1218         1765475629   815403174    0            0            
1007         1765475629   815403177    0            0            
2021         1765475629   815447886    28           27567776     
1008         1765475629   815699154    0            0            
1009         1765475629   815699158    1115000      0            
1215         1765475629   815699159    1115000      0            
1010         1765475629   815699170    0            0            
2021         1765475629   815701356    13596        27567824     
1018         1765475630   815908132    90           0            
1217         1765475630   815908144    31           0            
1218         1765475630   815908145    0            0            
1007         1765475630   815908148    0            0            
2021         1765475630   815959393    28           27567776     
1008         1765475630   816203831    0            0            
1009         1765475630   816203835    1114500      0            
1215         1765475630   816203836    1114500      0            
1010         1765475630   816203847    0            0            
2021         1765475630   816206006    13596        27567824     
1018         1765475630   816413209    89           0            
1217         1765475630   816413221    31           0            
1218         1765475630   816413222    0            0            
1007         1765475630   816413225    0            0            
2021         1765475630   816462922    28           27567776     
1008         1765475630   816709204    0            0            
1009         1765475630   816709208    1114000      0            
1215         1765475630   816709209    1114000      0            
1010         1765475630   816709220    0            0            
2021         1765475630   816763399    13596        27567824     
1018         1765475631   816918212    88           0            
1217         1765475631   816918224    31           0            
1218         1765475631   816918225    0            0            
1007         1765475631   816918228    0            0            
2021         1765475631   816965517    28           27567776     
1008         1765475631   817213912    0            0            
1009         1765475631   817213916    1113500      0            
1215         1765475631   817213917    1113500      0            
1010         1765475631   817213928    0            0            
2021         1765475631   817266815    13596        27567824     
1018         1765475631   817423344    87           0            
1217         1765475631   817423355    31           0            
1218         1765475631   817423356    0            0            
1007         1765475631   817423359    0            0            
2021         1765475631   817472538    28           27567776     
1008         1765475631   817719336    0            0            
1009         1765475631   817719340    1113000      0            
1215         1765475631   817719341    1113000      0            
1010         1765475631   817719352    0            0            
2021         1765475631   817773972    13596        27567824     
1018         1765475632   817928395    86           0            
1217         1765475632   817928407    31           0            
1218         1765475632   817928407    0            0            
1007         1765475632   817928410    0            0            
2021         1765475632   817980345    28           27567776     
1008         1765475632   818224099    0            0            
1009         1765475632   818224103    1112500      0            
1215         1765475632   818224104    1112500      0            
1010         1765475632   818224115    0            0            
2021         1765475632   818278178    13596        27567824     
1018         1765475632   818433389    85           0            
1217         1765475632   818433401    31           0            
1218         1765475632   818433402    0            0            
1007         1765475632   818433404    0            0            
2021         1765475632   818481038    28           27567776     
1008         1765475632   818729383    0            0            
1009         1765475632   818729387    1112000      0            
1215         1765475632   818729388    1112000      0            
1010         1765475632   818729398    0            0            
2021         1765475632   818779879    13596        27567824     
1018         1765475633   818938421    84           0            
1217         1765475633   818938433    31           0            
1218         1765475633   818938433    0            0            
1007         1765475633   818938436    0            0            
2021         1765475633   818984350    28           27567776     
1008         1765475633   819234121    0            0            
1009         1765475633   819234125    1111500      0            
1215         1765475633   819234126    1111500      0            
1010         1765475633   819234137    0            0            
2021         1765475633   819286047    13596        27567824     
1018         1765475633   819443489    83           0            
1217         1765475633   819443501    31           0            
1218         1765475633   819443501    0            0            
1007         1765475633   819443504    0            0            
2021         1765475633   819488901    28           27567776     
1008         1765475633   819739479    0            0            
1009         1765475633   819739483    1111000      0            
1215         1765475633   819739484    1111000      0            
1010         1765475633   819739495    0            0            
2021         1765475633   819791949    13596        27567824     
1018         1765475634   819948569    82           0            
1217         1765475634   819948581    31           0            
1218         1765475634   819948581    0            0            
1007         1765475634   819948584    0            0            
2021         1765475634   819996218    28           27567776     
1008         1765475634   820244275    0            0            
1009         1765475634   820244279    1110500      0            
1215         1765475634   820244280    1110500      0            
1010         1765475634   820244291    0            0            
2021         1765475634   820294552    13596        27567824     
1018         1765475634   820453549    81           0            
1217         1765475634   820453561    31           0            
1218         1765475634   820453561    0            0            
1007         1765475634   820453564    0            0            
2021         1765475634   820501544    28           27567776     
1008         1765475634   820749549    0            0            
1009         1765475634   820749553    1110000      0            
1215         1765475634   820749554    1110000      0            
1010         1765475634   820749565    0            0            
2021         1765475634   820751620    13596        27567824     
1018         1765475635   820958744    80           0            
1217         1765475635   820958756    31           0            
1218         1765475635   820958756    0            0            
1007         1765475635   820958759    0            0            
2021         1765475635   821006221    28           27567776     
1008         1765475635   821254449    0            0            
1009         1765475635   821254453    1109500      0            
1215         1765475635   821254454    1109500      0            
1010         1765475635   821254465    0            0            
2021         1765475635   821307279    13596        27567824     
1018         1765475635   821463742    79           0            
1217         1765475635   821463754    31           0            
1218         1765475635   821463754    0            0            
1007         1765475635   821463757    0            0            
2021         1765475635   821508985    28           27567776     
1008         1765475635   821759740    0            0            
1009         1765475635   821759744    1109000      0            
1215         1765475635   821759745    1109000      0            
1010         1765475635   821759756    0            0            
2021         1765475635   821816162    13596        27567824     
1018         1765475636   821968852    78           0            
1217         1765475636   821968864    31           0            
1218         1765475636   821968864    0            0            
1007         1765475636   821968867    0            0            
2021         1765475636   822018223    28           27567776     
1008         1765475636   822264563    0            0            
1009         1765475636   822264568    1108500      0            
1215         1765475636   822264568    1108500      0            
1010         1765475636   822264579    0            0            
2021         1765475636   822318354    13596        27567824     
1018         1765475636   822473921    77           0            
1217         1765475636   822473933    31           0            
1218         1765475636   822473934    0            0            
1007         1765475636   822473936    0            0            
2021         1765475636   822522433    28           27567776     
1008         1765475636   822769920    0            0            
1009         1765475636   822769924    1108000      0            
1215         1765475636   822769924    1108000      0            
1010         1765475636   822769935    0            0            
2021         1765475636   822826478    13596        27567824     
1018         1765475637   822978874    76           0            
1217         1765475637   822978886    31           0            
1218         1765475637   822978886    0            0            
1007         1765475637   822978889    0            0            
2021         1765475637   823029276    28           27567776     
1008         1765475637   823274579    0            0            
1009         1765475637   823274584    1107500      0            
1215         1765475637   823274584    1107500      0            
1010         1765475637   823274595    0            0            
2021         1765475637   823328233    13596        27567824     
1018         1765475637   823484007    75           0            
1217         1765475637   823484019    31           0            
1218         1765475637   823484020    0            0            
1007         1765475637   823484022    0            0            
2021         1765475637   823530453    28           27567776     
1008         1765475637   823780000    0            0            
1009         1765475637   823780004    1107000      0            
1215         1765475637   823780005    1107000      0            
1010         1765475637   823780016    0            0            
2021         1765475637   823782210    13596        27567824     
1018         1765475638   823988969    74           0            
1217         1765475638   823988980    31           0            
1218         1765475638   823988981    0            0            
1007         1765475638   823988984    0            0            
2021         1765475638   824043672    28           27567776     
1008         1765475638   824284679    0            0            
1009         1765475638   824284683    1106500      0            
1215         1765475638   824284684    1106500      0            
1010         1765475638   824284695    0            0            
2021         1765475638   824343812    13596        27567824     
1018         1765475638   824494081    73           0            
1217         1765475638   824494092    31           0            
1218         1765475638   824494093    0            0            
1007         1765475638   824494096    0            0            
2021         1765475638   824547751    28           27567776     
1008         1765475638   824790074    0            0            
1009         1765475638   824790079    1106000      0            
1215         1765475638   824790079    1106000      0            
1010         1765475638   824790090    0            0            
2021         1765475638   824835671    13596        27567824     
1018         1765475639   824999121    72           0            
1217         1765475639   824999133    31           0            
1218         1765475639   824999134    0            0            
1007         1765475639   824999136    0            0            
2021         1765475639   825043332    28           27567776     
1008         1765475639   825294828    0            0            
1009         1765475639   825294832    1105500      0            
1215         1765475639   825294833    1105500      0            
1010         1765475639   825294844    0            0            
2021         1765475639   825344067    13596        27567824     
1018         1765475639   825504165    71           0            
1217         1765475639   825504177    31           0            
1218         1765475639   825504177    0            0            
1007         1765475639   825504180    0            0            
2021         1765475639   825548719    28           27567776     
1008         1765475639   825800161    0            0            
1009         1765475639   825800165    1105000      0            
1215         1765475639   825800166    1105000      0            
1010         1765475639   825800177    0            0            
2021         1765475639   825849632    13596        27567824     
1018         1765475640   826009156    70           0            
1217         1765475640   826009168    31           0            
1218         1765475640   826009168    0            0            
1007         1765475640   826009171    0            0            
2021         1765475640   826053023    28           27567776     
1008         1765475640   826304866    0            0            
1009         1765475640   826304871    1104500      0            
1215         1765475640   826304871    1104500      0            
1010         1765475640   826304882    0            0            
2021         1765475640   826356063    13596        27567824     
1018         1765475640   826514280    69           0            
1217         1765475640   826514292    31           0            
1218         1765475640   826514292    0            0            
1007         1765475640   826514295    0            0            
2021         1765475640   826561071    28           27567776     
1008         1765475640   826810273    0            0            
1009         1765475640   826810278    1104000      0            
1215         1765475640   826810278    1104000      0            
1010         1765475640   826810289    0            0            
2021         1765475640   826812398    13596        27567824     
1018         1765475641   827019387    68           0            
1217         1765475641   827019399    31           0            
1218         1765475641   827019400    0            0            
1007         1765475641   827019403    0            0            
2021         1765475641   827065317    28           27567776     
1008         1765475641   827315090    0            0            
1009         1765475641   827315094    1103500      0            
1215         1765475641   827315095    1103500      0            
1010         1765475641   827315106    0            0            
2021         1765475641   827366556    13596        27567824     
1018         1765475641   827524375    67           0            
1217         1765475641   827524387    31           0            
1218         1765475641   827524387    0            0            
1007         1765475641   827524390    0            0            
2021         1765475641   827570822    28           27567776     
1008         1765475641   827820373    0            0            
1009         1765475641   827820377    1103000      0            
1215         1765475641   827820378    1103000      0            
1010         1765475641   827820389    0            0            
2021         1765475641   827873552    13596        27567824     
1018         1765475642   828029377    66           0            
1217         1765475642   828029389    31           0            
1218         1765475642   828029389    0            0            
1007         1765475642   828029392    0            0            
2021         1765475642   828075826    28           27567776     
1008         1765475642   828325092    0            0            
1009         1765475642   828325096    1102500      0            
1215         1765475642   828325097    1102500      0            
1010         1765475642   828325108    0            0            
2021         1765475642   828374151    13596        27567824     
1018         1765475642   828534515    65           0            
1217         1765475642   828534527    31           0            
1218         1765475642   828534528    0            0            
1007         1765475642   828534530    0            0            
2021         1765475642   828578553    28           27567776     
1008         1765475642   828830509    0            0            
1009         1765475642   828830513    1102000      0            
1215         1765475642   828830514    1102000      0            
1010         1765475642   828830525    0            0            
2021         1765475642   828878756    13596        27567824     
1018         1765475643   829039520    64           0            
1217         1765475643   829039532    31           0            
1218         1765475643   829039533    0            0            
1007         1765475643   829039536    0            0            
2021         1765475643   829084420    28           27567776     
1008         1765475643   829335230    0            0            
1009         1765475643   829335234    1101500      0            
1215         1765475643   829335235    1101500      0            
1010         1765475643   829335246    0            0            
2021         1765475643   829384848    13596        27567824     
1018         1765475643   829544474    63           0            
1217         1765475643   829544485    31           0            
1218         1765475643   829544486    0            0            
1007         1765475643   829544489    0            0            
2021         1765475643   829591437    28           27567776     
1008         1765475643   829840467    0            0            
1009         1765475643   829840471    1101000      0            
1215         1765475643   829840472    1101000      0            
1010         1765475643   829840482    0            0            
2021         1765475643   829842667    13596        27567824     
1018         1765475644   830049640    62           0            
1217         1765475644   830049652    31           0            
1218         1765475644   830049652    0            0            
1007         1765475644   830049655    0            0            
2021         1765475644   830099528    28           27567776     
1008         1765475644   830345350    0            0            
1009         1765475644   830345354    1100500      0            
1215         1765475644   830345355    1100500      0            
1010         1765475644   830345366    0            0            
2021         1765475644   830347397    13596        27567824     
1018         1765475644   830554731    61           0            
1217         1765475644   830554743    31           0            
1218         1765475644   830554744    0            0            
1007         1765475644   830554746    0            0            
2021         1765475644   830603242    28           27567776     
1008         1765475644   830850725    0            0            
1009         1765475644   830850730    1100000      0            
1215         1765475644   830850730    1100000      0            
1010         1765475644   830850741    0            0            
2021         1765475644   830903501    13596        27567824     
1018         1765475645   831059796    60           0            
1217         1765475645   831059808    31           0            
1218         1765475645   831059808    0            0            
1007         1765475645   831059811    0            0            
2021         1765475645   831107103    28           27567776     
1008         1765475645   831355505    0            0            
1009         1765475645   831355509    1099500      0            
1215         1765475645   831355510    1099500      0            
1010         1765475645   831355521    0            0            
2021         1765475645   831408979    13596        27567824     
1018         1765475645   831564832    59           0            
1217         1765475645   831564844    31           0            
1218         1765475645   831564844    0            0            
1007         1765475645   831564847    0            0            
2021         1765475645   831611967    28           27567776     
1008         1765475645   831860829    0            0            
1009         1765475645   831860833    1099000      0            
1215         1765475645   831860834    1099000      0            
1010         1765475645   831860844    0            0            
2021         1765475645   831863059    13596        27567824     
1018         1765475646   832069856    58           0            
1217         1765475646   832069868    31           0            
1218         1765475646   832069868    0            0            
1007         1765475646   832069871    0            0            
2021         1765475646   832119742    28           27567776     
1008         1765475646   832365560    0            0            
1009         1765475646   832365564    1098500      0            
1215         1765475646   832365565    1098500      0            
1010         1765475646   832365576    0            0            
2021         1765475646   832367603    13596        27567824     
1018         1765475646   832574889    57           0            
1217         1765475646   832574900    31           0            
1218         1765475646   832574901    0            0            
1007         1765475646   832574904    0            0            
2021         1765475646   832623399    28           27567776     
1008         1765475646   832870876    0            0            
1009         1765475646   832870880    1098000      0            
1215         1765475646   832870881    1098000      0            
1010         1765475646   832870892    0            0            
2021         1765475646   832872977    13596        27567824     
1018         1765475647   833079837    56           0            
1217         1765475647   833079848    31           0            
1218         1765475647   833079849    0            0            
1007         1765475647   833079852    0            0            
2021         1765475647   833129379    28           27567776     
1008         1765475647   833375543    0            0            
1009         1765475647   833375547    1097500      0            
1215         1765475647   833375548    1097500      0            
1010         1765475647   833375559    0            0            
2021         1765475647   833429911    13596        27567824     
1018         1765475647   833585024    55           0            
1217         1765475647   833585036    31           0            
1218         1765475647   833585037    0            0            
1007         1765475647   833585039    0            0            
2021         1765475647   833632159    28           27567776     
1008         1765475647   833881020    0            0            
1009         1765475647   833881025    1097000      0            
1215         1765475647   833881025    1097000      0            
1010         1765475647   833881036    0            0            
2021         1765475647   833937998    13596        27567824     
1018         1765475648   834090035    54           0            
1217         1765475648   834090047    31           0            
1218         1765475648   834090047    0            0            
1007         1765475648   834090050    0            0            
2021         1765475648   834142330    28           27567776     
1008         1765475648   834385737    0            0            
1009         1765475648   834385741    1096500      0            
1215         1765475648   834385742    1096500      0            
1010         1765475648   834385753    0            0            
2021         1765475648   834387815    13596        27567824     
1018         1765475648   834595135    53           0            
1217         1765475648   834595147    31           0            
1218         1765475648   834595147    0            0            
1007         1765475648   834595150    0            0            
2021         1765475648   834644506    28           27567776     
1008         1765475648   834891129    0            0            
1009         1765475648   834891133    1096000      0            
1215         1765475648   834891134    1096000      0            
1010         1765475648   834891145    0            0            
2021         1765475648   834947766    13596        27567824     
1018         1765475649   835100113    52           0            
1217         1765475649   835100125    31           0            
1218         1765475649   835100125    0            0            
1007         1765475649   835100128    0            0            
2021         1765475649   835152753    28           27567776     
1008         1765475649   835395820    0            0            
1009         1765475649   835395824    1095500      0            
1215         1765475649   835395825    1095500      0            
1010         1765475649   835395836    0            0            
2021         1765475649   835452221    13596        27567824     
1018         1765475649   835605178    51           0            
1217         1765475649   835605190    31           0            
1218         1765475649   835605190    0            0            
1007         1765475649   835605193    0            0            
2021         1765475649   835655925    28           27567776     
1008         1765475649   835901168    0            0            
1009         1765475649   835901172    1095000      0            
1215         1765475649   835901173    1095000      0            
1010         1765475649   835901184    0            0            
2021         1765475649   835956296    13596        27567824     
1018         1765475650   836110167    50           0            
1217         1765475650   836110178    31           0            
1218         1765475650   836110179    0            0            
1007         1765475650   836110182    0            0            
2021         1765475650   836160398    28           27567776     
1008         1765475650   836405878    0            0            
1009         1765475650   836405882    1094500      0            
1215         1765475650   836405883    1094500      0            
1010         1765475650   836405894    0            0            
2021         1765475650   836462274    13596        27567824     
1018         1765475650   836615298    49           0            
1217         1765475650   836615310    31           0            
1218         1765475650   836615310    0            0            
1007         1765475650   836615313    0            0            
2021         1765475650   836665874    28           27567776     
1008         1765475650   836911289    0            0            
1009         1765475650   836911293    1094000      0            
1215         1765475650   836911294    1094000      0            
1010         1765475650   836911304    0            0            
2021         1765475650   836965525    13596        27567824     
1018         1765475651   837120286    48           0            
1217         1765475651   837120297    31           0            
1218         1765475651   837120298    0            0            
1007         1765475651   837120301    0            0            
2021         1765475651   837168110    28           27567776     
1008         1765475651   837415997    0            0            
1009         1765475651   837416001    1093500      0            
1215         1765475651   837416002    1093500      0            
1010         1765475651   837416013    0            0            
2021         1765475651   837468028    13596        27567824     
1018         1765475651   837625420    47           0            
1217         1765475651   837625432    31           0            
1218         1765475651   837625432    0            0            
1007         1765475651   837625435    0            0            
2021         1765475651   837672381    28           27567776     
1008         1765475651   837921413    0            0            
1009         1765475651   837921417    1093000      0            
1215         1765475651   837921418    1093000      0            
1010         1765475651   837921429    0            0            
2021         1765475651   837979263    13596        27567824     
1018         1765475652   838130346    46           0            
1217         1765475652   838130358    31           0            
1218         1765475652   838130358    0            0            
1007         1765475652   838130361    0            0            
2021         1765475652   838182643    28           27567776     
1008         1765475652   838426055    0            0            
1009         1765475652   838426059    1092500      0            
1215         1765475652   838426060    1092500      0            
1010         1765475652   838426071    0            0            
2021         1765475652   838470229    13596        27567824     
1018         1765475652   838635495    45           0            
1217         1765475652   838635507    31           0            
1218         1765475652   838635507    0            0            
1007         1765475652   838635510    0            0            
2021         1765475652   838679705    28           27567776     
1008         1765475652   838931494    0            0            
1009         1765475652   838931498    1092000      0            
1215         1765475652   838931499    1092000      0            
1010         1765475652   838931510    0            0            
2021         1765475652   838933695    13596        27567824     
1018         1765475653   839140565    44           0            
1217         1765475653   839140577    31           0            
1218         1765475653   839140577    0            0            
1007         1765475653   839140580    0            0            
2021         1765475653   839188043    28           27567776     
1008         1765475653   839436274    0            0            
1009         1765475653   839436278    1091500      0            
1215         1765475653   839436279    1091500      0            
1010         1765475653   839436290    0            0            
2021         1765475653   839438425    13596        27567824     
1018         1765475653   839645588    43           0            
1217         1765475653   839645600    31           0            
1218         1765475653   839645600    0            0            
1007         1765475653   839645603    0            0            
2021         1765475653   839696508    28           27567776     
1008         1765475653   839941580    0            0            
1009         1765475653   839941584    1091000      0            
1215         1765475653   839941585    1091000      0            
1010         1765475653   839941596    0            0            
2021         1765475653   839984718    13596        27567824     
1018         1765475654   840150674    42           0            
1217         1765475654   840150686    31           0            
1218         1765475654   840150686    0            0            
1007         1765475654   840150689    0            0            
2021         1765475654   840202973    28           27567776     
1008         1765475654   840446385    0            0            
1009         1765475654   840446389    1090500      0            
1215         1765475654   840446389    1090500      0            
1010         1765475654   840446400    0            0            
2021         1765475654   840495595    13596        27567824     
1018         1765475654   840655748    41           0            
1217         1765475654   840655760    31           0            
1218         1765475654   840655760    0            0            
1007         1765475654   840655763    0            0            
2021         1765475654   840709763    28           27567776     
1008         1765475654   840951744    0            0            
1009         1765475654   840951748    1090000      0            
1215         1765475654   840951749    1090000      0            
1010         1765475654   840951759    0            0            
2021         1765475654   840953880    13596        27567824     
1018         1765475655   841160791    40           0            
1217         1765475655   841160803    31           0            
1218         1765475655   841160803    0            0            
1007         1765475655   841160806    0            0            
2021         1765475655   841205518    28           27567776     
1008         1765475655   841456499    0            0            
1009         1765475655   841456503    1089500      0            
1215         1765475655   841456503    1089500      0            
1010         1765475655   841456514    0            0            
2021         1765475655   841510878    13596        27567824     
1018         1765475655   841665818    39           0            
1217         1765475655   841665830    31           0            
1218         1765475655   841665831    0            0            
1007         1765475655   841665833    0            0            
2021         1765475655   841715878    28           27567776     
1008         1765475655   841961815    0            0            
1009         1765475655   841961819    1089000      0            
1215         1765475655   841961819    1089000      0            
1010         1765475655   841961830    0            0            
2021         1765475655   841964042    13596        27567824     
1018         1765475656   842170854    38           0            
1217         1765475656   842170866    31           0            
1218         1765475656   842170867    0            0            
1007         1765475656   842170870    0            0            
2021         1765475656   842212653    28           27567776     
1008         1765475656   842466558    0            0            
1009         1765475656   842466562    1088500      0            
1215         1765475656   842466563    1088500      0            
1010         1765475656   842466574    0            0            
2021         1765475656   842468785    13596        27567824     
1018         1765475656   842675850    37           0            
1217         1765475656   842675862    31           0            
1218         1765475656   842675862    0            0            
1007         1765475656   842675865    0            0            
2021         1765475656   842731240    28           27567776     
1008         1765475656   842971841    0            0            
1009         1765475656   842971845    1088000      0            
1215         1765475656   842971846    1088000      0            
1010         1765475656   842971857    0            0            
2021         1765475656   843019086    13596        27567824     
1018         1765475657   843180719    36           0            
1217         1765475657   843180731    31           0            
1218         1765475657   843180732    0            0            
1007         1765475657   843180734    0            0            
2021         1765475657   843223033    28           27567776     
1008         1765475657   843476423    0            0            
1009         1765475657   843476427    1087500      0            
1215         1765475657   843476428    1087500      0            
1010         1765475657   843476439    0            0            
2021         1765475657   843478502    13596        27567824     
1018         1765475657   843685996    35           0            
1217         1765475657   843686008    31           0            
1218         1765475657   843686009    0            0            
1007         1765475657   843686012    0            0            
2021         1765475657   843729168    28           27567776     
1008         1765475657   843981984    0            0            
1009         1765475657   843981989    1087000      0            
1215         1765475657   843981989    1087000      0            
1010         1765475657   843982000    0            0            
2021         1765475657   844032928    13596        27567824     
1018         1765475658   844191052    34           0            
1217         1765475658   844191064    31           0            
1218         1765475658   844191065    0            0            
1007         1765475658   844191067    0            0            
2021         1765475658   844235259    28           27567776     
1008         1765475658   844486753    0            0            
1009         1765475658   844486757    1086500      0            
1215         1765475658   844486758    1086500      0            
1010         1765475658   844486769    0            0            
2021         1765475658   844536803    13596        27567824     
1018         1765475658   844696095    33           0            
1217         1765475658   844696107    31           0            
1218         1765475658   844696107    0            0            
1007         1765475658   844696110    0            0            
2021         1765475658   844742366    28           27567776     
1008         1765475658   844992085    0            0            
1009         1765475658   844992090    1086000      0            
1215         1765475658   844992090    1086000      0            
1010         1765475658   844992101    0            0            
2021         1765475658   844994314    13596        27567824     
1018         1765475659   845200989    32           0            
1217         1765475659   845201001    31           0            
1218         1765475659   845201002    0            0            
1007         1765475659   845201004    0            0            
2021         1765475659   845249324    28           27567776     
1008         1765475659   845496698    0            0            
1009         1765475659   845496702    1085500      0            
1215         1765475659   845496703    1085500      0            
1010         1765475659   845496714    0            0            
2021         1765475659   845498742    13596        27567824     
1018         1765475659   845706169    31           0            
1217         1765475659   845706181    31           0            
1218         1765475659   845706181    0            0            
1007         1765475659   845706184    0            0            
2021         1765475659   845750548    28           27567776     
1008         1765475659   846002161    0            0            
1009         1765475659   846002165    1085000      0            
1215         1765475659   846002166    1085000      0            
1010         1765475659   846002177    0            0            
2021         1765475659   846052143    13596        27567824     
1018         1765475660   846211072    30           0            
1217         1765475660   846211084    31           0            
1218         1765475660   846211085    0            0            
1007         1765475660   846211087    0            0            
2021         1765475660   846259064    28           27567776     
1008         1765475660   846506774    0            0            
1009         1765475660   846506778    1084500      0            
1215         1765475660   846506778    1084500      0            
1010         1765475660   846506789    0            0            
2021         1765475660   846559105    13596        27567824     
1018         1765475660   846716290    29           0            
1217         1765475660   846716302    31           0            
1218         1765475660   846716303    0            0            
1007         1765475660   846716305    0            0            
2021         1765475660   846771166    28           27567776     
1008         1765475660   847012280    0            0            
1009         1765475660   847012284    1084000      0            
1215         1765475660   847012285    1084000      0            
1010         1765475660   847012296    0            0            
2021         1765475660   847056890    13596        27567824     
1018         1765475661   847221284    28           0            
1217         1765475661   847221296    31           0            
1218         1765475661   847221296    0            0            
1007         1765475661   847221299    0            0            
2021         1765475661   847262911    28           27567776     
1008         1765475661   847516996    0            0            
1009         1765475661   847517000    1083500      0            
1215         1765475661   847517001    1083500      0            
1010         1765475661   847517012    0            0            
2021         1765475661   847519222    13596        27567824     
1018         1765475661   847726350    27           0            
1217         1765475661   847726362    31           0            
1218         1765475661   847726363    0            0            
1007         1765475661   847726365    0            0            
2021         1765475661   847778298    28           27567776     
1008         1765475661   848022343    0            0            
1009         1765475661   848022347    1083000      0            
1215         1765475661   848022348    1083000      0            
1010         1765475661   848022359    0            0            
2021         1765475661   848066051    13596        27567824     
1018         1765475662   848231371    26           0            
1217         1765475662   848231383    31           0            
1218         1765475662   848231383    0            0            
1007         1765475662   848231386    0            0            
2021         1765475662   848272137    28           27567776     
1008         1765475662   848527071    0            0            
1009         1765475662   848527075    1082500      0            
1215         1765475662   848527076    1082500      0            
1010         1765475662   848527087    0            0            
2021         1765475662   848529375    13596        27567824     
1018         1765475662   848736374    25           0            
1217         1765475662   848736386    31           0            
1218         1765475662   848736387    0            0            
1007         1765475662   848736390    0            0            
2021         1765475662   848776968    28           27567776     
1008         1765475662   849032374    0            0            
1009         1765475662   849032378    1082000      0            
1215         1765475662   849032379    1082000      0            
1010         1765475662   849032390    0            0            
2021         1765475662   849076493    13596        27567824     
1018         1765475663   849241606    24           0            
1217         1765475663   849241617    31           0            
1218         1765475663   849241618    0            0            
1007         1765475663   849241621    0            0            
2021         1765475663   849296304    28           27567776     
1008         1765475663   849537312    0            0            
1009         1765475663   849537316    1081500      0            
1215         1765475663   849537316    1081500      0            
1010         1765475663   849537327    0            0            
2021         1765475663   849539486    13596        27567824     
1018         1765475663   849746550    23           0            
1217         1765475663   849746562    31           0            
1218         1765475663   849746563    0            0            
1007         1765475663   849746565    0            0            
2021         1765475663   849791101    28           27567776     
1008         1765475663   850042543    0            0            
1009         1765475663   850042548    1081000      0            
1215         1765475663   850042548    1081000      0            
1010         1765475663   850042559    0            0            
2021         1765475663   850044588    13596        27567824     
1018         1765475664   850251653    22           0            
1217         1765475664   850251665    31           0            
1218         1765475664   850251666    0            0            
1007         1765475664   850251668    0            0            
2021         1765475664   850303256    28           27567776     
1008         1765475664   850547355    0            0            
1009         1765475664   850547359    1080500      0            
1215         1765475664   850547360    1080500      0            
1010         1765475664   850547371    0            0            
2021         1765475664   850549397    13596        27567824     
1018         1765475664   850756631    21           0            
1217         1765475664   850756643    31           0            
1218         1765475664   850756643    0            0            
1007         1765475664   850756646    0            0            
2021         1765475664   850811503    28           27567776     
1008         1765475664   851052622    0            0            
1009         1765475664   851052627    1080000      0            
1215         1765475664   851052627    1080000      0            
1010         1765475664   851052638    0            0            
2021         1765475664   851054768    13596        27567824     
1018         1765475665   851261775    20           0            
1217         1765475665   851261787    31           0            
1218         1765475665   851261788    0            0            
1007         1765475665   851261791    0            0            
2021         1765475665   851313551    28           27567776     
1008         1765475665   851557476    0            0            
1009         1765475665   851557480    1079500      0            
1215         1765475665   851557481    1079500      0            
1010         1765475665   851557492    0            0            
2021         1765475665   851559545    13596        27567824     
1018         1765475665   851766716    19           0            
1217         1765475665   851766728    31           0            
1218         1765475665   851766728    0            0            
1007         1765475665   851766731    0            0            
2021         1765475665   851822277    28           27567776     
1008         1765475665   852062710    0            0            
1009         1765475665   852062714    1079000      0            
1215         1765475665   852062715    1079000      0            
1010         1765475665   852062726    0            0            
2021         1765475665   852064810    13596        27567824     
1018         1765475666   852271785    18           0            
1217         1765475666   852271797    31           0            
1218         1765475666   852271797    0            0            
1007         1765475666   852271800    0            0            
2021         1765475666   852327346    28           27567776     
1008         1765475666   852567488    0            0            
1009         1765475666   852567492    1078500      0            
1215         1765475666   852567493    1078500      0            
1010         1765475666   852567504    0            0            
2021         1765475666   852569584    13596        27567824     
1018         1765475666   852776891    17           0            
1217         1765475666   852776902    31           0            
1218         1765475666   852776903    0            0            
1007         1765475666   852776906    0            0            
2021         1765475666   852827115    28           27567776     
1008         1765475666   853072881    0            0            
1009         1765475666   853072885    1078000      0            
1215         1765475666   853072886    1078000      0            
1010         1765475666   853072897    0            0            
2021         1765475666   853075035    13596        27567824     
1018         1765475667   853281902    16           0            
1217         1765475667   853281914    31           0            
1218         1765475667   853281915    0            0            
1007         1765475667   853281917    0            0            
2021         1765475667   853329894    28           27567776     
1008         1765475667   853577605    0            0            
1009         1765475667   853577609    1077500      0            
1215         1765475667   853577610    1077500      0            
1010         1765475667   853577621    0            0            
2021         1765475667   853579681    13596        27567824     
1018         1765475667   853786677    15           0            
1217         1765475667   853786689    31           0            
1218         1765475667   853786689    0            0            
1007         1765475667   853786692    0            0            
2021         1765475667   853831569    28           27567776     
1008         1765475667   854082667    0            0            
1009         1765475667   854082671    1077000      0            
1215         1765475667   854082672    1077000      0            
1010         1765475667   854082683    0            0            
2021         1765475667   854084840    13596        27567824     
1018         1765475668   854292008    14           0            
1217         1765475668   854292019    31           0            
1218         1765475668   854292020    0            0            
1007         1765475668   854292023    0            0            
2021         1765475668   854344471    28           27567776     
1008         1765475668   854587709    0            0            
1009         1765475668   854587713    1076500      0            
1215         1765475668   854587714    1076500      0            
1010         1765475668   854587725    0            0            
2021         1765475668   854589884    13596        27567824     
1018         1765475668   854797084    13           0            
1217         1765475668   854797096    31           0            
1218         1765475668   854797097    0            0            
1007         1765475668   854797099    0            0            
2021         1765475668   854853333    28           27567776     
1008         1765475668   855093077    0            0            
1009         1765475668   855093081    1076000      0            
1215         1765475668   855093082    1076000      0            
1010         1765475668   855093093    0            0            
2021         1765475668   855143273    13596        27567824     
1018         1765475669   855302067    12           0            
1217         1765475669   855302079    31           0            
1218         1765475669   855302080    0            0            
1007         1765475669   855302083    0            0            
2021         1765475669   855345756    28           27567776     
1008         1765475669   855597768    0            0            
1009         1765475669   855597772    1075500      0            
1215         1765475669   855597773    1075500      0            
1010         1765475669   855597784    0            0            
2021         1765475669   855599841    13596        27567824     
1018         1765475669   855807106    11           0            
1217         1765475669   855807118    31           0            
1218         1765475669   855807118    0            0            
1007         1765475669   855807121    0            0            
2021         1765475669   855849419    28           27567776     
1008         1765475669   856103098    0            0            
1009         1765475669   856103102    1075000      0            
1215         1765475669   856103103    1075000      0            
1010         1765475669   856103114    0            0            
2021         1765475669   856105223    13596        27567824     
1018         1765475670   856312234    10           0            
1217         1765475670   856312246    31           0            
1218         1765475670   856312246    0            0            
1007         1765475670   856312249    0            0            
2021         1765475670   856356957    28           27567776     
1008         1765475670   856607935    0            0            
1009         1765475670   856607939    1074500      0            
1215         1765475670   856607940    1074500      0            
1010         1765475670   856607951    0            0            
2021         1765475670   856661685    13596        27567824     
1018         1765475670   856817213    9            0            
1217         1765475670   856817225    31           0            
1218         1765475670   856817225    0            0            
1007         1765475670   856817228    0            0            
2021         1765475670   856872257    28           27567776     
1008         1765475670   857113202    0            0            
1009         1765475670   857113206    1074000      0            
1215         1765475670   857113207    1074000      0            
1010         1765475670   857113218    0            0            
2021         1765475670   857115429    13596        27567824     
1018         1765475671   857322335    8            0            
1217         1765475671   857322346    31           0            
1218         1765475671   857322347    0            0            
1007         1765475671   857322350    0            0            
2021         1765475671   857363617    28           27567776     
1008         1765475671   857618038    0            0            
1009         1765475671   857618042    1073500      0            
1215         1765475671   857618042    1073500      0            
1010         1765475671   857618053    0            0            
2021         1765475671   857620112    13596        27567824     
1018         1765475671   857827416    7            0            
1217         1765475671   857827428    31           0            
1218         1765475671   857827428    0            0            
1007         1765475671   857827431    0            0            
2021         1765475671   857883148    28           27567776     
1008         1765475671   858123409    0            0            
1009         1765475671   858123413    1073000      0            
1215         1765475671   858123414    1073000      0            
1010         1765475671   858123425    0            0            
2021         1765475671   858170680    13596        27567824     
1018         1765475672   858332436    6            0            
1217         1765475672   858332448    31           0            
1218         1765475672   858332448    0            0            
1007         1765475672   858332451    0            0            
2021         1765475672   858374579    28           27567776     
1008         1765475672   858628139    0            0            
1009         1765475672   858628144    1072500      0            
1215         1765475672   858628144    1072500      0            
1010         1765475672   858628155    0            0            
2021         1765475672   858630243    13596        27567824     
1018         1765475672   858837384    5            0            
1217         1765475672   858837395    31           0            
1218         1765475672   858837396    0            0            
1007         1765475672   858837399    0            0            
2021         1765475672   858885202    28           27567776     
1008         1765475672   859133383    0            0            
1009         1765475672   859133387    1072000      0            
1215         1765475672   859133388    1072000      0            
1010         1765475672   859133399    0            0            
2021         1765475672   859189757    13596        27567824     
1018         1765475673   859342459    4            0            
1217         1765475673   859342471    31           0            
1218         1765475673   859342472    0            0            
1007         1765475673   859342475    0            0            
2021         1765475673   859393888    28           27567776     
1008         1765475673   859638160    0            0            
1009         1765475673   859638164    1071500      0            
1215         1765475673   859638164    1071500      0            
1010         1765475673   859638175    0            0            
2021         1765475673   859640280    13596        27567824     
1018         1765475673   859847540    3            0            
1217         1765475673   859847552    31           0            
1218         1765475673   859847553    0            0            
1007         1765475673   859847555    0            0            
2021         1765475673   859900346    28           27567776     
1008         1765475673   860143532    0            0            
1009         1765475673   860143536    1071000      0            
1215         1765475673   860143537    1071000      0            
1010         1765475673   860143548    0            0            
2021         1765475673   860200927    13596        27567824     
1018         1765475674   860352586    2            0            
1217         1765475674   860352598    31           0            
1218         1765475674   860352598    0            0            
1007         1765475674   860352601    0            0            
2021         1765475674   860403501    28           27567776     
1008         1765475674   860648287    0            0            
1009         1765475674   860648291    1070500      0            
1215         1765475674   860648292    1070500      0            
1010         1765475674   860648303    0            0            
2021         1765475674   860650417    13596        27567824     
1018         1765475674   860857698    1            0            
1217         1765475674   860857710    31           0            
1218         1765475674   860857710    0            0            
1007         1765475674   860857713    0            0            
2021         1765475674   860910678    28           27567776     
1008         1765475674   861153688    0            0            
1009         1765475674   861153692    1070000      0            
1215         1765475674   861153693    1070000      0            
1010         1765475674   861153704    0            0            
2021         1765475674   861196334    13596        27567824     
1018         1765475675   861362693    0            0            
1217         1765475675   861362704    31           0            
1218         1765475675   861362705    0            0            
1007         1765475675   861362708    0            0            
2021         1765475675   861414811    28           27567776     
1008         1765475675   861658396    0            0            
1010         1765475675   861658401    0            0            
2021         1765475675   861660507    13596        27567824     
50001        1            1436502      0            0            
50002        1764777195   3996673270   4875         0            
50003        1            1436503      0            0            
50004        1            1436503      0            0            
