12           1765474597   4068956049   100794379    0            
15           1765474597   4068956050   1000000      0            
2021         1765474597   4068956841   24           27567776     
2021         1765474597   4068959635   25880        27567808     
2100         1765474597   4068959679   1            17039424     
2107         1765474598   4069305995   1            17039424     
2007         1765474599   4069370885   1765474598   0            
15           1765474599   4069370885   1000000      0            
2021         1765474599   4069371486   20           27567776     
1012         1765474599   4069390309   1            1070000      
2001         1765474599   4069390309   1070000      1130000      
2002         1765474599   4069390310   500          0            
2003         1765474599   4069390310   1            0            
2004         1765474599   4069390311   1            0            
1000         1765474599   4069390318   0            0            
1205         1765474599   4069390321   33700        0            
1217         1765474599   4069390440   31           0            
1218         1765474599   4069390441   0            0            
1203         1765474599   4069429378   4294966723   999          
1201         1765474599   4069429379   10           0            
2021         1765474599   4069444357   28           27567776     
1203         1765474599   4069515765   4294966723   999          
1013         1765474599   4069515765   0            0            
1014         1765474600   4070571730   0            0            
1203         1765474600   4070611937   4294966723   1000         
1125         1765474600   4070611938   23           0            
1117         1765474600   4070612087   3125         0            
1118         1765474600   4070631295   3577         0            
1119         1765474600   4070641848   0            0            
1120         1765474600   4070671506   4294939896   4294964235   
1121         1765474600   4070701148   0            0            
1122         1765474600   4070730803   4294939896   4294964235   
1124         1765474600   4070730805   0            0            
1123         1765474600   4071026276   0            0            
1100         1765474600   4071088205   28916        0            
1101         1765474600   4071088205   0            22447        
1115         1765474600   4071088206   630272       3755139688   
1116         1765474600   4071088206   28           333176900    
1203         1765474600   4071127299   4294966726   993          
1201         1765474600   4071127299   10           0            
1204         1765474601   4072213890   11453        10           
1202         1765474601   4072213890   11453        0            
1203         1765474601   4072310375   4294966723   999          
1125         1765474601   4072310376   23           0            
1126         1765474601   4072310377   0            0            
1126         1765474601   4072310378   1            0            
1108         1765474601   4072310379   104          0            
1217         1765474601   4072310383   31           0            
1218         1765474601   4072310383   0            0            
1215         1765474601   4072310386   1070000      1            
1217         1765474601   4072351580   31           0            
1218         1765474601   4072351581   0            0            
1001         1765474601   4072351583   1            0            
1002         1765474602   4072647407   0            0            
2021         1765474602   4072701001   13592        27567824     
1018         1765474602   4072743912   0            0            
1003         1765474602   4072743913   0            0            
1201         1765474602   4072743914   10           0            
2021         1765474602   4072796909   28           27567776     
1203         1765474602   4072830366   4294966724   948          
1013         1765474602   4072830367   0            0            
1014         1765474603   4073854559   0            0            
1203         1765474603   4073894764   4294966724   1000         
1125         1765474603   4073894765   23           0            
1117         1765474603   4073894914   3150         0            
1118         1765474603   4073914123   3579         0            
1119         1765474603   4073942299   0            0            
1120         1765474603   4073971953   4294939896   4294964235   
1121         1765474603   4074001612   0            0            
1122         1765474603   4074031262   4294939896   4294964235   
1123         1765474603   4074031264   0            0            
1100         1765474603   4074093200   28920        0            
1101         1765474603   4074093200   0            22593        
1115         1765474603   4074093201   627055       1095503948   
1116         1765474603   4074093201   27           3236973800   
1203         1765474603   4074132242   4294966726   998          
1201         1765474603   4074132242   10           0            
1204         1765474604   4075244195   11446        10           
1202         1765474604   4075244196   11446        0            
1203         1765474604   4075341944   4294966724   1000         
1125         1765474604   4075341945   23           0            
1124         1765474604   4075341946   1            0            
1215         1765474605   4075622236   1070000      0            
1217         1765474605   4075674643   31           0            
1218         1765474605   4075674644   0            0            
1007         1765474605   4075674647   0            0            
1008         1765474605   4075970463   0            0            
1009         1765474605   4075970468   1070500      0            
1215         1765474605   4075970468   1070500      0            
1010         1765474605   4075970479   0            0            
2021         1765474605   4075972670   13596        27567824     
1018         1765474605   4076026697   1            0            
1217         1765474605   4076028296   31           0            
1218         1765474605   4076028296   0            0            
1007         1765474605   4076028299   0            0            
2021         1765474605   4076085390   28           27567776     
1008         1765474605   4076324273   0            0            
1009         1765474605   4076324277   1071000      0            
1215         1765474605   4076324278   1071000      0            
1010         1765474605   4076324289   0            0            
2021         1765474605   4076326428   13596        27567824     
1018         1765474606   4076531761   2            0            
1217         1765474606   4076531773   31           0            
1218         1765474606   4076531773   0            0            
1007         1765474606   4076531776   0            0            
2021         1765474606   4076584571   28           27567776     
1008         1765474606   4076827464   0            0            
1009         1765474606   4076827468   1071500      0            
1215         1765474606   4076827469   1071500      0            
1010         1765474606   4076827480   0            0            
2021         1765474606   4076877281   13596        27567824     
1018         1765474606   4077036898   3            0            
1217         1765474606   4077036910   31           0            
1218         1765474606   4077036911   0            0            
1007         1765474606   4077036913   0            0            
2021         1765474606   4077165396   28           27567776     
1008         1765474606   4077332887   0            0            
1009         1765474606   4077332891   1072000      0            
1215         1765474606   4077332892   1072000      0            
1010         1765474606   4077332903   0            0            
2021         1765474607   4077473179   13596        27567824     
1018         1765474607   4077541889   4            0            
1217         1765474607   4077541901   31           0            
1218         1765474607   4077541901   0            0            
1007         1765474607   4077541904   0            0            
2021         1765474607   4077782031   28           27567776     
1008         1765474607   4077837590   0            0            
1009         1765474607   4077837595   1072500      0            
1215         1765474607   4077837595   1072500      0            
1010         1765474607   4077837606   0            0            
2021         1765474607   4077839815   13596        27567824     
1018         1765474607   4078046928   5            0            
1217         1765474607   4078046940   31           0            
1218         1765474607   4078046941   0            0            
1007         1765474607   4078046943   0            0            
2021         1765474607   4078181791   28           27567776     
1008         1765474607   4078342915   0            0            
1009         1765474607   4078342920   1073000      0            
1215         1765474607   4078342920   1073000      0            
1010         1765474607   4078342931   0            0            
2021         1765474607   4078345122   13596        27567824     
1018         1765474608   4078551982   6            0            
1217         1765474608   4078551994   31           0            
1218         1765474608   4078551995   0            0            
1007         1765474608   4078551997   0            0            
2021         1765474608   4078784496   28           27567776     
1008         1765474608   4078847680   0            0            
1009         1765474608   4078847684   1073500      0            
1215         1765474608   4078847685   1073500      0            
1010         1765474608   4078847696   0            0            
2021         1765474608   4078850042   13596        27567824     
1018         1765474608   4079057054   7            0            
1217         1765474608   4079057066   31           0            
1218         1765474608   4079057066   0            0            
1007         1765474608   4079057069   0            0            
2021         1765474608   4079279320   28           27567776     
1008         1765474608   4079353047   0            0            
1009         1765474608   4079353051   1074000      0            
1215         1765474608   4079353052   1074000      0            
1010         1765474608   4079353063   0            0            
2021         1765474608   4079355197   13596        27567824     
1018         1765474609   4079562109   8            0            
1217         1765474609   4079562121   31           0            
1218         1765474609   4079562121   0            0            
1007         1765474609   4079562124   0            0            
2021         1765474609   4079701097   28           27567776     
1008         1765474609   4079857809   0            0            
1009         1765474609   4079857813   1074500      0            
1215         1765474609   4079857814   1074500      0            
1010         1765474609   4079857825   0            0            
2021         1765474609   4080103560   13596        27567824     
1018         1765474609   4080319745   9            0            
1217         1765474609   4080319757   31           0            
1218         1765474609   4080319758   0            0            
1007         1765474609   4080319760   0            0            
2021         1765474610   4080509517   28           27567776     
1008         1765474610   4080615442   0            0            
1009         1765474610   4080615446   1075000      0            
1215         1765474610   4080615447   1075000      0            
1010         1765474610   4080615458   0            0            
2021         1765474610   4080617566   13596        27567824     
1018         1765474610   4080824745   10           0            
1217         1765474610   4080824757   31           0            
1218         1765474610   4080824758   0            0            
1007         1765474610   4080824761   0            0            
2021         1765474610   4080909037   28           27567776     
1008         1765474610   4081120445   0            0            
1009         1765474610   4081120450   1075500      0            
1215         1765474610   4081120450   1075500      0            
1010         1765474610   4081120461   0            0            
2021         1765474610   4081122570   13596        27567824     
1018         1765474610   4081329885   11           0            
1217         1765474610   4081329897   31           0            
1218         1765474610   4081329897   0            0            
1007         1765474610   4081329900   0            0            
2021         1765474610   4081408152   28           27567776     
1008         1765474611   4081625586   0            0            
1009         1765474611   4081625590   1076000      0            
1215         1765474611   4081625591   1076000      0            
1010         1765474611   4081625602   0            0            
2021         1765474611   4081627842   13596        27567824     
1018         1765474611   4081834847   12           0            
1217         1765474611   4081834859   31           0            
1218         1765474611   4081834860   0            0            
1007         1765474611   4081834862   0            0            
2021         1765474611   4081908817   28           27567776     
1008         1765474611   4082130554   0            0            
1009         1765474611   4082130559   1076500      0            
1215         1765474611   4082130559   1076500      0            
1010         1765474611   4082130570   0            0            
2021         1765474611   4082132574   13596        27567824     
1018         1765474611   4082339930   13           0            
1217         1765474611   4082339941   31           0            
1218         1765474611   4082339942   0            0            
1007         1765474611   4082339945   0            0            
2021         1765474612   4082522624   28           27567776     
1008         1765474612   4082635631   0            0            
1009         1765474612   4082635635   1077000      0            
1215         1765474612   4082635636   1077000      0            
1010         1765474612   4082635647   0            0            
2021         1765474612   4082637675   13596        27567824     
1018         1765474612   4082844998   14           0            
1217         1765474612   4082845010   31           0            
1218         1765474612   4082845010   0            0            
1007         1765474612   4082845013   0            0            
2021         1765474612   4083023728   28           27567776     
1008         1765474612   4083140703   0            0            
1009         1765474612   4083140707   1077500      0            
1215         1765474612   4083140708   1077500      0            
1010         1765474612   4083140719   0            0            
2021         1765474612   4083142720   13596        27567824     
1018         1765474612   4083349974   15           0            
1217         1765474612   4083349986   31           0            
1218         1765474612   4083349986   0            0            
1007         1765474612   4083349989   0            0            
2021         1765474613   4083533527   28           27567776     
1008         1765474613   4083645678   0            0            
1009         1765474613   4083645682   1078000      0            
1215         1765474613   4083645683   1078000      0            
1010         1765474613   4083645694   0            0            
2021         1765474613   4083647755   13596        27567824     
1018         1765474613   4083855035   16           0            
1217         1765474613   4083855047   31           0            
1218         1765474613   4083855048   0            0            
1007         1765474613   4083855050   0            0            
2021         1765474613   4084031183   28           27567776     
1008         1765474613   4084150738   0            0            
1009         1765474613   4084150742   1078500      0            
1215         1765474613   4084150743   1078500      0            
1010         1765474613   4084150754   0            0            
2021         1765474613   4084247090   13596        27567824     
1018         1765474613   4084360046   17           0            
1217         1765474613   4084360058   31           0            
1218         1765474613   4084360059   0            0            
1007         1765474613   4084360061   0            0            
2021         1765474613   4084443992   28           27567776     
1008         1765474614   4084655746   0            0            
1009         1765474614   4084655751   1079000      0            
1215         1765474614   4084655751   1079000      0            
1010         1765474614   4084655762   0            0            
2021         1765474614   4084705069   13596        27567824     
1018         1765474614   4084865127   18           0            
1217         1765474614   4084865139   31           0            
1218         1765474614   4084865140   0            0            
1007         1765474614   4084865142   0            0            
2021         1765474614   4084918623   28           27567776     
1008         1765474614   4085160825   0            0            
1009         1765474614   4085160829   1079500      0            
1215         1765474614   4085160830   1079500      0            
1010         1765474614   4085160841   0            0            
2021         1765474614   4085162939   13596        27567824     
1018         1765474614   4085370152   19           0            
1217         1765474614   4085370164   31           0            
1218         1765474614   4085370165   0            0            
1007         1765474614   4085370167   0            0            
2021         1765474614   4085426402   28           27567776     
1008         1765474615   4085665854   0            0            
1009         1765474615   4085665859   1080000      0            
1215         1765474615   4085665859   1080000      0            
1010         1765474615   4085665870   0            0            
2021         1765474615   4085667923   13596        27567824     
1018         1765474615   4085875239   20           0            
1217         1765474615   4085875251   31           0            
1218         1765474615   4085875252   0            0            
1007         1765474615   4085875254   0            0            
2021         1765474615   4085922028   28           27567776     
1008         1765474615   4086170937   0            0            
1009         1765474615   4086170941   1080500      0            
1215         1765474615   4086170942   1080500      0            
1010         1765474615   4086170953   0            0            
2021         1765474615   4086173033   13596        27567824     
1018         1765474615   4086380252   21           0            
1217         1765474615   4086380264   31           0            
1218         1765474615   4086380265   0            0            
1007         1765474615   4086380267   0            0            
2021         1765474615   4086448889   28           27567776     
1008         1765474616   4086675956   0            0            
1009         1765474616   4086675960   1081000      0            
1215         1765474616   4086675961   1081000      0            
1010         1765474616   4086675972   0            0            
2021         1765474616   4086726184   13596        27567824     
1018         1765474616   4086885389   22           0            
1217         1765474616   4086885401   31           0            
1218         1765474616   4086885402   0            0            
1007         1765474616   4086885405   0            0            
2021         1765474616   4086930113   28           27567776     
1008         1765474616   4087181089   0            0            
1009         1765474616   4087181093   1081500      0            
1215         1765474616   4087181094   1081500      0            
1010         1765474616   4087181105   0            0            
2021         1765474616   4087183296   13596        27567824     
1018         1765474616   4087390370   23           0            
1217         1765474616   4087390382   31           0            
1218         1765474616   4087390382   0            0            
1007         1765474616   4087390385   0            0            
2021         1765474616   4087437673   28           27567776     
1008         1765474617   4087686075   0            0            
1009         1765474617   4087686079   1082000      0            
1215         1765474617   4087686080   1082000      0            
1010         1765474617   4087686091   0            0            
2021         1765474617   4087688331   13596        27567824     
1018         1765474617   4087895437   24           0            
1217         1765474617   4087895449   31           0            
1218         1765474617   4087895450   0            0            
1007         1765474617   4087895452   0            0            
2021         1765474617   4087944462   28           27567776     
1008         1765474617   4088191147   0            0            
1009         1765474617   4088191151   1082500      0            
1215         1765474617   4088191152   1082500      0            
1010         1765474617   4088191163   0            0            
2021         1765474617   4088245511   13596        27567824     
1018         1765474617   4088400509   25           0            
1217         1765474617   4088400521   31           0            
1218         1765474617   4088400522   0            0            
1007         1765474617   4088400524   0            0            
2021         1765474617   4088454008   28           27567776     
1008         1765474618   4088696209   0            0            
1009         1765474618   4088696213   1083000      0            
1215         1765474618   4088696214   1083000      0            
1010         1765474618   4088696225   0            0            
2021         1765474618   4088745023   13596        27567824     
1018         1765474618   4088905620   26           0            
1217         1765474618   4088905632   31           0            
1218         1765474618   4088905633   0            0            
1007         1765474618   4088905636   0            0            
2021         1765474618   4088955848   28           27567776     
1008         1765474618   4089201320   0            0            
1009         1765474618   4089201324   1083500      0            
1215         1765474618   4089201325   1083500      0            
1010         1765474618   4089201335   0            0            
2021         1765474618   4089248019   13596        27567824     
1018         1765474618   4089410527   27           0            
1217         1765474618   4089410539   31           0            
1218         1765474618   4089410539   0            0            
1007         1765474618   4089410542   0            0            
2021         1765474618   4089453529   28           27567776     
1008         1765474619   4089706229   0            0            
1009         1765474619   4089706233   1084000      0            
1215         1765474619   4089706234   1084000      0            
1010         1765474619   4089706245   0            0            
2021         1765474619   4089708403   13596        27567824     
1018         1765474619   4089915655   28           0            
1217         1765474619   4089915667   31           0            
1218         1765474619   4089915667   0            0            
1007         1765474619   4089915670   0            0            
2021         1765474619   4089959691   28           27567776     
1008         1765474619   4090211359   0            0            
1009         1765474619   4090211364   1084500      0            
1215         1765474619   4090211364   1084500      0            
1010         1765474619   4090211375   0            0            
2021         1765474619   4090265625   13596        27567824     
1018         1765474619   4090420694   29           0            
1217         1765474619   4090420706   31           0            
1218         1765474619   4090420707   0            0            
1007         1765474619   4090420709   0            0            
2021         1765474619   4090470753   28           27567776     
1008         1765474620   4090716400   0            0            
1009         1765474620   4090716404   1085000      0            
1215         1765474620   4090716405   1085000      0            
1010         1765474620   4090716416   0            0            
2021         1765474620   4090762798   13596        27567824     
1018         1765474620   4090925786   30           0            
1217         1765474620   4090925798   31           0            
1218         1765474620   4090925798   0            0            
1007         1765474620   4090925801   0            0            
2021         1765474620   4090977218   28           27567776     
1008         1765474620   4091221487   0            0            
1009         1765474620   4091221492   1085500      0            
1215         1765474620   4091221492   1085500      0            
1010         1765474620   4091221503   0            0            
2021         1765474620   4091223644   13596        27567824     
1018         1765474620   4091430807   31           0            
1217         1765474620   4091430819   31           0            
1218         1765474620   4091430820   0            0            
1007         1765474620   4091430822   0            0            
2021         1765474620   4091484305   28           27567776     
1008         1765474621   4091726510   0            0            
1009         1765474621   4091726514   1086000      0            
1215         1765474621   4091726515   1086000      0            
1010         1765474621   4091726526   0            0            
2021         1765474621   4091774198   13596        27567824     
1018         1765474621   4091935884   32           0            
1217         1765474621   4091935896   31           0            
1218         1765474621   4091935897   0            0            
1007         1765474621   4091935899   0            0            
2021         1765474621   4091979059   28           27567776     
1008         1765474621   4092231587   0            0            
1009         1765474621   4092231591   1086500      0            
1215         1765474621   4092231592   1086500      0            
1010         1765474621   4092231603   0            0            
2021         1765474621   4092281817   13596        27567824     
1018         1765474621   4092440920   33           0            
1217         1765474621   4092440931   31           0            
1218         1765474621   4092440932   0            0            
1007         1765474621   4092440935   0            0            
2021         1765474621   4092485127   28           27567776     
1008         1765474622   4092736619   0            0            
1009         1765474622   4092736623   1087000      0            
1215         1765474622   4092736624   1087000      0            
1010         1765474622   4092736635   0            0            
2021         1765474622   4092784197   13596        27567824     
1018         1765474622   4092945958   34           0            
1217         1765474622   4092945970   31           0            
1218         1765474622   4092945971   0            0            
1007         1765474622   4092945973   0            0            
2021         1765474622   4092990166   28           27567776     
1008         1765474622   4093241659   0            0            
1009         1765474622   4093241663   1087500      0            
1215         1765474622   4093241664   1087500      0            
1010         1765474622   4093241675   0            0            
2021         1765474622   4093243788   13596        27567824     
1018         1765474622   4093451016   35           0            
1217         1765474622   4093451028   31           0            
1218         1765474622   4093451029   0            0            
1007         1765474622   4093451031   0            0            
2021         1765474622   4093496942   28           27567776     
1008         1765474623   4093746715   0            0            
1009         1765474623   4093746719   1088000      0            
1215         1765474623   4093746720   1088000      0            
1010         1765474623   4093746731   0            0            
2021         1765474623   4093803841   13596        27567824     
1018         1765474623   4093956045   36           0            
1217         1765474623   4093956056   31           0            
1218         1765474623   4093956057   0            0            
1007         1765474623   4093956060   0            0            
2021         1765474623   4094007478   28           27567776     
1008         1765474623   4094251746   0            0            
1009         1765474623   4094251750   1088500      0            
1215         1765474623   4094251751   1088500      0            
1010         1765474623   4094251762   0            0            
2021         1765474623   4094253974   13596        27567824     
1018         1765474623   4094461136   37           0            
1217         1765474623   4094461148   31           0            
1218         1765474623   4094461149   0            0            
1007         1765474623   4094461151   0            0            
2021         1765474623   4094514805   28           27567776     
1008         1765474624   4094756837   0            0            
1009         1765474624   4094756841   1089000      0            
1215         1765474624   4094756841   1089000      0            
1010         1765474624   4094756852   0            0            
2021         1765474624   4094758972   13596        27567824     
1018         1765474624   4094966168   38           0            
1217         1765474624   4094966180   31           0            
1218         1765474624   4094966181   0            0            
1007         1765474624   4094966183   0            0            
2021         1765474624   4095017260   28           27567776     
1008         1765474624   4095261875   0            0            
1009         1765474624   4095261879   1089500      0            
1215         1765474624   4095261879   1089500      0            
1010         1765474624   4095261890   0            0            
2021         1765474624   4095264129   13596        27567824     
1018         1765474624   4095471207   39           0            
1217         1765474624   4095471219   31           0            
1218         1765474624   4095471220   0            0            
1007         1765474624   4095471222   0            0            
2021         1765474624   4095516621   28           27567776     
1008         1765474625   4095766911   0            0            
1009         1765474625   4095766915   1090000      0            
1215         1765474625   4095766916   1090000      0            
1010         1765474625   4095766927   0            0            
2021         1765474625   4095769088   13596        27567824     
1018         1765474625   4095976219   40           0            
1217         1765474625   4095976231   31           0            
1218         1765474625   4095976231   0            0            
1007         1765474625   4095976234   0            0            
2021         1765474625   4096029374   28           27567776     
1008         1765474625   4096271919   0            0            
1009         1765474625   4096271923   1090500      0            
1215         1765474625   4096271924   1090500      0            
1010         1765474625   4096271935   0            0            
2021         1765474625   4096274148   13596        27567824     
1018         1765474625   4096481366   41           0            
1217         1765474625   4096481378   31           0            
1218         1765474625   4096481378   0            0            
1007         1765474625   4096481381   0            0            
2021         1765474625   4096537275   28           27567776     
1008         1765474626   4096777070   0            0            
1009         1765474626   4096777074   1091000      0            
1215         1765474626   4096777075   1091000      0            
1010         1765474626   4096777086   0            0            
2021         1765474626   4096779223   13596        27567824     
1018         1765474626   4096986215   42           0            
1217         1765474626   4096986227   31           0            
1218         1765474626   4096986228   0            0            
1007         1765474626   4096986230   0            0            
2021         1765474626   4097034041   28           27567776     
1008         1765474626   4097281922   0            0            
1009         1765474626   4097281926   1091500      0            
1215         1765474626   4097281927   1091500      0            
1010         1765474626   4097281938   0            0            
2021         1765474626   4097325445   13596        27567824     
1018         1765474626   4097491448   43           0            
1217         1765474626   4097491460   31           0            
1218         1765474626   4097491461   0            0            
1007         1765474626   4097491463   0            0            
2021         1765474626   4097543235   28           27567776     
1008         1765474627   4097787158   0            0            
1009         1765474627   4097787162   1092000      0            
1215         1765474627   4097787163   1092000      0            
1010         1765474627   4097787174   0            0            
2021         1765474627   4097845771   13596        27567824     
1018         1765474627   4097996243   44           0            
1217         1765474627   4097996255   31           0            
1218         1765474627   4097996256   0            0            
1007         1765474627   4097996258   0            0            
2021         1765474627   4098050602   28           27567776     
1008         1765474627   4098291945   0            0            
1009         1765474627   4098291949   1092500      0            
1215         1765474627   4098291950   1092500      0            
1010         1765474627   4098291961   0            0            
2021         1765474627   4098294094   13596        27567824     
1018         1765474627   4098501520   45           0            
1217         1765474627   4098501532   31           0            
1218         1765474627   4098501533   0            0            
1007         1765474627   4098501536   0            0            
2021         1765474627   4098542291   28           27567776     
1008         1765474628   4098797225   0            0            
1009         1765474628   4098797229   1093000      0            
1215         1765474628   4098797229   1093000      0            
1010         1765474628   4098797240   0            0            
2021         1765474628   4098799349   13596        27567824     
1018         1765474628   4099006601   46           0            
1217         1765474628   4099006613   31           0            
1218         1765474628   4099006613   0            0            
1007         1765474628   4099006616   0            0            
2021         1765474628   4099056660   28           27567776     
1008         1765474628   4099302307   0            0            
1009         1765474628   4099302311   1093500      0            
1215         1765474628   4099302312   1093500      0            
1010         1765474628   4099302322   0            0            
2021         1765474628   4099359201   13596        27567824     
1018         1765474628   4099511514   47           0            
1217         1765474628   4099511526   31           0            
1218         1765474628   4099511526   0            0            
1007         1765474628   4099511529   0            0            
2021         1765474628   4099560544   28           27567776     
1008         1765474629   4099807222   0            0            
1009         1765474629   4099807226   1094000      0            
1215         1765474629   4099807227   1094000      0            
1010         1765474629   4099807238   0            0            
2021         1765474629   4099809293   13596        27567824     
1018         1765474629   4100016617   48           0            
1217         1765474629   4100016629   31           0            
1218         1765474629   4100016630   0            0            
1007         1765474629   4100016633   0            0            
2021         1765474629   4100071666   28           27567776     
1008         1765474629   4100312325   0            0            
1009         1765474629   4100312329   1094500      0            
1215         1765474629   4100312330   1094500      0            
1010         1765474629   4100312341   0            0            
2021         1765474629   4100357726   13596        27567824     
1018         1765474629   4100521717   49           0            
1217         1765474629   4100521729   31           0            
1218         1765474629   4100521729   0            0            
1007         1765474629   4100521732   0            0            
2021         1765474629   4100569888   28           27567776     
1008         1765474630   4100817426   0            0            
1009         1765474630   4100817430   1095000      0            
1215         1765474630   4100817431   1095000      0            
1010         1765474630   4100817442   0            0            
2021         1765474630   4100868744   13596        27567824     
1018         1765474630   4101026790   50           0            
1217         1765474630   4101026802   31           0            
1218         1765474630   4101026803   0            0            
1007         1765474630   4101026806   0            0            
2021         1765474630   4101070660   28           27567776     
1008         1765474630   4101322499   0            0            
1009         1765474630   4101322503   1095500      0            
1215         1765474630   4101322503   1095500      0            
1010         1765474630   4101322514   0            0            
2021         1765474630   4101324623   13596        27567824     
1018         1765474630   4101531871   51           0            
1217         1765474630   4101531883   31           0            
1218         1765474630   4101531883   0            0            
1007         1765474630   4101531886   0            0            
2021         1765474630   4101577289   28           27567776     
1008         1765474631   4101827582   0            0            
1009         1765474631   4101827586   1096000      0            
1215         1765474631   4101827587   1096000      0            
1010         1765474631   4101827598   0            0            
2021         1765474631   4101829677   13596        27567824     
1018         1765474631   4102036751   52           0            
1217         1765474631   4102036763   31           0            
1218         1765474631   4102036764   0            0            
1007         1765474631   4102036766   0            0            
2021         1765474631   4102088361   28           27567776     
1008         1765474631   4102332462   0            0            
1009         1765474631   4102332466   1096500      0            
1215         1765474631   4102332466   1096500      0            
1010         1765474631   4102332477   0            0            
2021         1765474631   4102334658   13596        27567824     
1018         1765474631   4102541952   53           0            
1217         1765474631   4102541964   31           0            
1218         1765474631   4102541965   0            0            
1007         1765474631   4102541967   0            0            
2021         1765474631   4102590980   28           27567776     
1008         1765474632   4102837660   0            0            
1009         1765474632   4102837664   1097000      0            
1215         1765474632   4102837665   1097000      0            
1010         1765474632   4102837676   0            0            
2021         1765474632   4102839758   13596        27567824     
1018         1765474632   4103047040   54           0            
1217         1765474632   4103047052   31           0            
1218         1765474632   4103047052   0            0            
1007         1765474632   4103047055   0            0            
2021         1765474632   4103099341   28           27567776     
1008         1765474632   4103342748   0            0            
1009         1765474632   4103342752   1097500      0            
1215         1765474632   4103342753   1097500      0            
1010         1765474632   4103342764   0            0            
2021         1765474632   4103344948   13596        27567824     
1018         1765474632   4103552057   55           0            
1217         1765474632   4103552069   31           0            
1218         1765474632   4103552070   0            0            
1007         1765474632   4103552072   0            0            
2021         1765474632   4103606247   28           27567776     
1008         1765474633   4103847763   0            0            
1009         1765474633   4103847767   1098000      0            
1215         1765474633   4103847767   1098000      0            
1010         1765474633   4103847778   0            0            
2021         1765474633   4103849885   13596        27567824     
1018         1765474633   4104057086   56           0            
1217         1765474633   4104057098   31           0            
1218         1765474633   4104057099   0            0            
1007         1765474633   4104057101   0            0            
2021         1765474633   4104101296   28           27567776     
1008         1765474633   4104352792   0            0            
1009         1765474633   4104352796   1098500      0            
1215         1765474633   4104352797   1098500      0            
1010         1765474633   4104352808   0            0            
2021         1765474633   4104354914   13596        27567824     
1018         1765474633   4104562183   57           0            
1217         1765474633   4104562195   31           0            
1218         1765474633   4104562195   0            0            
1007         1765474633   4104562198   0            0            
2021         1765474633   4104610526   28           27567776     
1008         1765474634   4104857894   0            0            
1009         1765474634   4104857898   1099000      0            
1215         1765474634   4104857899   1099000      0            
1010         1765474634   4104857910   0            0            
2021         1765474634   4104860067   13596        27567824     
1018         1765474634   4105067134   58           0            
1217         1765474634   4105067146   31           0            
1218         1765474634   4105067147   0            0            
1007         1765474634   4105067149   0            0            
2021         1765474634   4105119602   28           27567776     
1008         1765474634   4105362843   0            0            
1009         1765474634   4105362848   1099500      0            
1215         1765474634   4105362848   1099500      0            
1010         1765474634   4105362859   0            0            
2021         1765474634   4105405597   13596        27567824     
1018         1765474634   4105572313   59           0            
1217         1765474634   4105572325   31           0            
1218         1765474634   4105572325   0            0            
1007         1765474634   4105572328   0            0            
2021         1765474634   4105625985   28           27567776     
1008         1765474635   4105868015   0            0            
1009         1765474635   4105868019   1100000      0            
1215         1765474635   4105868020   1100000      0            
1010         1765474635   4105868031   0            0            
2021         1765474635   4105870284   13596        27567824     
1018         1765474635   4106077356   60           0            
1217         1765474635   4106077368   31           0            
1218         1765474635   4106077369   0            0            
1007         1765474635   4106077371   0            0            
2021         1765474635   4106129135   28           27567776     
1008         1765474635   4106373059   0            0            
1009         1765474635   4106373063   1100500      0            
1215         1765474635   4106373064   1100500      0            
1010         1765474635   4106373075   0            0            
2021         1765474635   4106417063   13596        27567824     
1018         1765474635   4106582272   61           0            
1217         1765474635   4106582284   31           0            
1218         1765474635   4106582284   0            0            
1007         1765474635   4106582287   0            0            
2021         1765474635   4106636115   28           27567776     
1008         1765474636   4106877974   0            0            
1009         1765474636   4106877978   1101000      0            
1215         1765474636   4106877979   1101000      0            
1010         1765474636   4106877990   0            0            
2021         1765474636   4106880150   13596        27567824     
1018         1765474636   4107087223   62           0            
1217         1765474636   4107087235   31           0            
1218         1765474636   4107087236   0            0            
1007         1765474636   4107087238   0            0            
2021         1765474636   4107134874   28           27567776     
1008         1765474636   4107382930   0            0            
1009         1765474636   4107382934   1101500      0            
1215         1765474636   4107382935   1101500      0            
1010         1765474636   4107382946   0            0            
2021         1765474636   4107385054   13596        27567824     
1018         1765474636   4107592462   63           0            
1217         1765474636   4107592474   31           0            
1218         1765474636   4107592474   0            0            
1007         1765474636   4107592477   0            0            
2021         1765474636   4107640802   28           27567776     
1008         1765474637   4107888166   0            0            
1009         1765474637   4107888170   1102000      0            
1215         1765474637   4107888171   1102000      0            
1010         1765474637   4107888182   0            0            
2021         1765474637   4107890314   13596        27567824     
1018         1765474637   4108097397   64           0            
1217         1765474637   4108097409   31           0            
1218         1765474637   4108097410   0            0            
1007         1765474637   4108097412   0            0            
2021         1765474637   4108145909   28           27567776     
1008         1765474637   4108393108   0            0            
1009         1765474637   4108393112   1102500      0            
1215         1765474637   4108393113   1102500      0            
1010         1765474637   4108393124   0            0            
2021         1765474637   4108448650   13596        27567824     
1018         1765474637   4108602591   65           0            
1217         1765474637   4108602603   31           0            
1218         1765474637   4108602604   0            0            
1007         1765474637   4108602606   0            0            
2021         1765474637   4108653341   28           27567776     
1008         1765474638   4108898294   0            0            
1009         1765474638   4108898298   1103000      0            
1215         1765474638   4108898299   1103000      0            
1010         1765474638   4108898310   0            0            
2021         1765474638   4108900414   13596        27567824     
1018         1765474638   4109107541   66           0            
1217         1765474638   4109107553   31           0            
1218         1765474638   4109107554   0            0            
1007         1765474638   4109107556   0            0            
2021         1765474638   4109159492   28           27567776     
1008         1765474638   4109403242   0            0            
1009         1765474638   4109403246   1103500      0            
1215         1765474638   4109403247   1103500      0            
1010         1765474638   4109403258   0            0            
2021         1765474638   4109405449   13596        27567824     
1018         1765474638   4109612604   67           0            
1217         1765474638   4109612616   31           0            
1218         1765474638   4109612617   0            0            
1007         1765474638   4109612619   0            0            
2021         1765474638   4109656472   28           27567776     
1008         1765474639   4109908311   0            0            
1009         1765474639   4109908315   1104000      0            
1215         1765474639   4109908316   1104000      0            
1010         1765474639   4109908327   0            0            
2021         1765474639   4109956633   13596        27567824     
1018         1765474639   4110117717   68           0            
1217         1765474639   4110117729   31           0            
1218         1765474639   4110117730   0            0            
1007         1765474639   4110117732   0            0            
2021         1765474639   4110166745   28           27567776     
1008         1765474639   4110413422   0            0            
1009         1765474639   4110413426   1104500      0            
1215         1765474639   4110413427   1104500      0            
1010         1765474639   4110413437   0            0            
2021         1765474639   4110415621   13596        27567824     
1018         1765474639   4110622706   69           0            
1217         1765474639   4110622718   31           0            
1218         1765474639   4110622719   0            0            
1007         1765474639   4110622721   0            0            
2021         1765474639   4110677930   28           27567776     
1008         1765474640   4110918417   0            0            
1009         1765474640   4110918421   1105000      0            
1215         1765474640   4110918422   1105000      0            
1010         1765474640   4110918433   0            0            
2021         1765474640   4110967796   13596        27567824     
1018         1765474640   4111127701   70           0            
1217         1765474640   4111127713   31           0            
1218         1765474640   4111127714   0            0            
1007         1765474640   4111127716   0            0            
2021         1765474640   4111175870   28           27567776     
1008         1765474640   4111423414   0            0            
1009         1765474640   4111423418   1105500      0            
1215         1765474640   4111423419   1105500      0            
1010         1765474640   4111423429   0            0            
2021         1765474640   4111425509   13596        27567824     
1018         1765474640   4111632649   71           0            
1217         1765474640   4111632661   31           0            
1218         1765474640   4111632662   0            0            
1007         1765474640   4111632664   0            0            
2021         1765474640   4111687181   28           27567776     
1008         1765474641   4111928354   0            0            
1009         1765474641   4111928358   1106000      0            
1215         1765474641   4111928359   1106000      0            
1010         1765474641   4111928370   0            0            
2021         1765474641   4111972515   13596        27567824     
1018         1765474641   4112137829   72           0            
1217         1765474641   4112137841   31           0            
1218         1765474641   4112137842   0            0            
1007         1765474641   4112137844   0            0            
2021         1765474641   4112186169   28           27567776     
1008         1765474641   4112433536   0            0            
1009         1765474641   4112433540   1106500      0            
1215         1765474641   4112433541   1106500      0            
1010         1765474641   4112433552   0            0            
2021         1765474641   4112435710   13596        27567824     
1018         1765474641   4112642931   73           0            
1217         1765474641   4112642943   31           0            
1218         1765474641   4112642944   0            0            
1007         1765474641   4112642947   0            0            
2021         1765474641   4112688518   28           27567776     
1008         1765474642   4112938640   0            0            
1009         1765474642   4112938644   1107000      0            
1215         1765474642   4112938645   1107000      0            
1010         1765474642   4112938656   0            0            
2021         1765474642   4112940837   13596        27567824     
1018         1765474642   4113147917   74           0            
1217         1765474642   4113147929   31           0            
1218         1765474642   4113147929   0            0            
1007         1765474642   4113147932   0            0            
2021         1765474642   4113198150   28           27567776     
1008         1765474642   4113443628   0            0            
1009         1765474642   4113443632   1107500      0            
1215         1765474642   4113443633   1107500      0            
1010         1765474642   4113443644   0            0            
2021         1765474642   4113489276   13596        27567824     
1018         1765474642   4113653085   75           0            
1217         1765474642   4113653097   31           0            
1218         1765474642   4113653097   0            0            
1007         1765474642   4113653100   0            0            
2021         1765474642   4113699189   28           27567776     
1008         1765474643   4113948792   0            0            
1009         1765474643   4113948796   1108000      0            
1215         1765474643   4113948797   1108000      0            
1010         1765474643   4113948808   0            0            
2021         1765474643   4113951019   13596        27567824     
1018         1765474643   4114157969   76           0            
1217         1765474643   4114157981   31           0            
1218         1765474643   4114157981   0            0            
1007         1765474643   4114157984   0            0            
2021         1765474643   4114211297   28           27567776     
1008         1765474643   4114453677   0            0            
1009         1765474643   4114453682   1108500      0            
1215         1765474643   4114453682   1108500      0            
1010         1765474643   4114453693   0            0            
2021         1765474643   4114455798   13596        27567824     
1018         1765474643   4114663187   77           0            
1217         1765474643   4114663199   31           0            
1218         1765474643   4114663199   0            0            
1007         1765474643   4114663202   0            0            
2021         1765474643   4114718753   28           27567776     
1008         1765474644   4114958889   0            0            
1009         1765474644   4114958893   1109000      0            
1215         1765474644   4114958894   1109000      0            
1010         1765474644   4114958905   0            0            
2021         1765474644   4115016727   13596        27567824     
1018         1765474644   4115168268   78           0            
1217         1765474644   4115168280   31           0            
1218         1765474644   4115168280   0            0            
1007         1765474644   4115168283   0            0            
2021         1765474644   4115220908   28           27567776     
1008         1765474644   4115463975   0            0            
1009         1765474644   4115463979   1109500      0            
1215         1765474644   4115463980   1109500      0            
1010         1765474644   4115463991   0            0            
2021         1765474644   4115510571   13596        27567824     
1018         1765474644   4115673287   79           0            
1217         1765474644   4115673298   31           0            
1218         1765474644   4115673299   0            0            
1007         1765474644   4115673302   0            0            
2021         1765474644   4115720764   28           27567776     
1008         1765474645   4115968987   0            0            
1009         1765474645   4115968992   1110000      0            
1215         1765474645   4115968992   1110000      0            
1010         1765474645   4115969003   0            0            
2021         1765474645   4116022976   13596        27567824     
1018         1765474645   4116178167   80           0            
1217         1765474645   4116178179   31           0            
1218         1765474645   4116178179   0            0            
1007         1765474645   4116178182   0            0            
2021         1765474645   4116225989   28           27567776     
1008         1765474645   4116473876   0            0            
1009         1765474645   4116473880   1110500      0            
1215         1765474645   4116473881   1110500      0            
1010         1765474645   4116473892   0            0            
2021         1765474645   4116530740   13596        27567824     
1018         1765474645   4116683371   81           0            
1217         1765474645   4116683383   31           0            
1218         1765474645   4116683384   0            0            
1007         1765474645   4116683386   0            0            
2021         1765474645   4116734983   28           27567776     
1008         1765474646   4116979078   0            0            
1009         1765474646   4116979082   1111000      0            
1215         1765474646   4116979083   1111000      0            
1010         1765474646   4116979094   0            0            
2021         1765474646   4117029550   13596        27567824     
1018         1765474646   4117188386   82           0            
1217         1765474646   4117188398   31           0            
1218         1765474646   4117188399   0            0            
1007         1765474646   4117188401   0            0            
2021         1765474646   4117232253   28           27567776     
1008         1765474646   4117484098   0            0            
1009         1765474646   4117484102   1111500      0            
1215         1765474646   4117484103   1111500      0            
1010         1765474646   4117484114   0            0            
2021         1765474646   4117535628   13596        27567824     
1018         1765474646   4117693470   83           0            
1217         1765474646   4117693482   31           0            
1218         1765474646   4117693483   0            0            
1007         1765474646   4117693485   0            0            
2021         1765474646   4117740090   28           27567776     
1008         1765474647   4117989182   0            0            
1009         1765474647   4117989186   1112000      0            
1215         1765474647   4117989187   1112000      0            
1010         1765474647   4117989197   0            0            
2021         1765474647   4118040306   13596        27567824     
1018         1765474647   4118198528   84           0            
1217         1765474647   4118198540   31           0            
1218         1765474647   4118198540   0            0            
1007         1765474647   4118198543   0            0            
2021         1765474647   4118247211   28           27567776     
1008         1765474647   4118494233   0            0            
1009         1765474647   4118494238   1112500      0            
1215         1765474647   4118494238   1112500      0            
1010         1765474647   4118494249   0            0            
2021         1765474647   4118547455   13596        27567824     
1018         1765474647   4118703545   85           0            
1217         1765474647   4118703557   31           0            
1218         1765474647   4118703557   0            0            
1007         1765474647   4118703560   0            0            
2021         1765474647   4118757391   28           27567776     
1008         1765474648   4118999256   0            0            
1009         1765474648   4118999260   1113000      0            
1215         1765474648   4118999261   1113000      0            
1010         1765474648   4118999271   0            0            
2021         1765474648   4119001402   13596        27567824     
1018         1765474648   4119208485   86           0            
1217         1765474648   4119208496   31           0            
1218         1765474648   4119208497   0            0            
1007         1765474648   4119208500   0            0            
2021         1765474648   4119261125   28           27567776     
1008         1765474648   4119504190   0            0            
1009         1765474648   4119504194   1113500      0            
1215         1765474648   4119504195   1113500      0            
1010         1765474648   4119504206   0            0            
2021         1765474648   4119553664   13596        27567824     
1018         1765474648   4119713648   87           0            
1217         1765474648   4119713660   31           0            
1218         1765474648   4119713661   0            0            
1007         1765474648   4119713663   0            0            
2021         1765474648   4119760440   28           27567776     
1008         1765474649   4120009352   0            0            
1009         1765474649   4120009356   1114000      0            
1215         1765474649   4120009357   1114000      0            
1010         1765474649   4120009368   0            0            
2021         1765474649   4120059490   13596        27567824     
1018         1765474649   4120218588   88           0            
1217         1765474649   4120218600   31           0            
1218         1765474649   4120218601   0            0            
1007         1765474649   4120218603   0            0            
2021         1765474649   4120264519   28           27567776     
1008         1765474649   4120514294   0            0            
1009         1765474649   4120514298   1114500      0            
1215         1765474649   4120514299   1114500      0            
1010         1765474649   4120514310   0            0            
2021         1765474649   4120571749   13596        27567824     
1018         1765474649   4120723797   89           0            
1217         1765474649   4120723809   31           0            
1218         1765474649   4120723810   0            0            
1007         1765474649   4120723813   0            0            
2021         1765474649   4120778158   28           27567776     
1008         1765474650   4121019501   0            0            
1009         1765474650   4121019505   1115000      0            
1215         1765474650   4121019506   1115000      0            
1010         1765474650   4121019517   0            0            
2021         1765474650   4121067007   13596        27567824     
1018         1765474650   4121228740   90           0            
1217         1765474650   4121228751   31           0            
1218         1765474650   4121228752   0            0            
1007         1765474650   4121228755   0            0            
2021         1765474650   4121281036   28           27567776     
1008         1765474650   4121524446   0            0            
1009         1765474650   4121524450   1115500      0            
1215         1765474650   4121524451   1115500      0            
1010         1765474650   4121524462   0            0            
2021         1765474650   4121526391   13596        27567824     
1018         1765474650   4121733886   91           0            
1217         1765474650   4121733898   31           0            
1218         1765474650   4121733898   0            0            
1007         1765474650   4121733901   0            0            
2021         1765474650   4121789621   28           27567776     
1008         1765474651   4122029589   0            0            
1009         1765474651   4122029593   1116000      0            
1215         1765474651   4122029594   1116000      0            
1010         1765474651   4122029605   0            0            
2021         1765474651   4122074936   13596        27567824     
1018         1765474651   4122238886   92           0            
1217         1765474651   4122238898   31           0            
1218         1765474651   4122238899   0            0            
1007         1765474651   4122238901   0            0            
2021         1765474651   4122294109   28           27567776     
1008         1765474651   4122534593   0            0            
1009         1765474651   4122534597   1116500      0            
1215         1765474651   4122534598   1116500      0            
1010         1765474651   4122534609   0            0            
2021         1765474651   4122536871   13596        27567824     
1018         1765474651   4122743795   93           0            
1217         1765474651   4122743807   31           0            
1218         1765474651   4122743807   0            0            
1007         1765474651   4122743810   0            0            
2021         1765474651   4122798156   28           27567776     
1008         1765474652   4123039496   0            0            
1009         1765474652   4123039501   1117000      0            
1215         1765474652   4123039501   1117000      0            
1010         1765474652   4123039512   0            0            
2021         1765474652   4123084115   13596        27567824     
1018         1765474652   4123248917   94           0            
1217         1765474652   4123248929   31           0            
1218         1765474652   4123248929   0            0            
1007         1765474652   4123248932   0            0            
2021         1765474652   4123304138   28           27567776     
1008         1765474652   4123544627   0            0            
1009         1765474652   4123544631   1117500      0            
1215         1765474652   4123544632   1117500      0            
1010         1765474652   4123544643   0            0            
2021         1765474652   4123593160   13596        27567824     
1018         1765474652   4123754063   95           0            
1217         1765474652   4123754075   31           0            
1218         1765474652   4123754075   0            0            
1007         1765474652   4123754078   0            0            
2021         1765474652   4123796206   28           27567776     
1008         1765474653   4124049768   0            0            
1009         1765474653   4124049772   1118000      0            
1215         1765474653   4124049773   1118000      0            
1010         1765474653   4124049784   0            0            
2021         1765474653   4124051967   13596        27567824     
1018         1765474653   4124259136   96           0            
1217         1765474653   4124259148   31           0            
1218         1765474653   4124259148   0            0            
1007         1765474653   4124259151   0            0            
2021         1765474653   4124303859   28           27567776     
1008         1765474653   4124554840   0            0            
1009         1765474653   4124554844   1118500      0            
1215         1765474653   4124554844   1118500      0            
1010         1765474653   4124554855   0            0            
2021         1765474653   4124556961   13596        27567824     
1018         1765474653   4124764171   97           0            
1217         1765474653   4124764182   31           0            
1218         1765474653   4124764183   0            0            
1007         1765474653   4124764186   0            0            
2021         1765474653   4124814055   28           27567776     
1008         1765474654   4125059879   0            0            
1009         1765474654   4125059883   1119000      0            
1215         1765474654   4125059884   1119000      0            
1010         1765474654   4125059895   0            0            
2021         1765474654   4125062063   13596        27567824     
1018         1765474654   4125269249   98           0            
1217         1765474654   4125269261   31           0            
1218         1765474654   4125269262   0            0            
1007         1765474654   4125269264   0            0            
2021         1765474654   4125315520   28           27567776     
1008         1765474654   4125564953   0            0            
1009         1765474654   4125564957   1119500      0            
1215         1765474654   4125564958   1119500      0            
1010         1765474654   4125564969   0            0            
2021         1765474654   4125619585   13596        27567824     
1018         1765474654   4125774196   99           0            
1217         1765474654   4125774208   31           0            
1218         1765474654   4125774209   0            0            
1007         1765474654   4125774212   0            0            
2021         1765474654   4125824077   28           27567776     
1008         1765474655   4126069899   0            0            
1009         1765474655   4126069903   1120000      0            
1215         1765474655   4126069904   1120000      0            
1010         1765474655   4126069915   0            0            
2021         1765474655   4126072074   13596        27567824     
1018         1765474655   4126279142   100          0            
1217         1765474655   4126279154   31           0            
1218         1765474655   4126279155   0            0            
1007         1765474655   4126279157   0            0            
2021         1765474655   4126333328   28           27567776     
1008         1765474655   4126574851   0            0            
1009         1765474655   4126574855   1120500      0            
1215         1765474655   4126574856   1120500      0            
1010         1765474655   4126574867   0            0            
2021         1765474655   4126576848   13596        27567824     
1018         1765474655   4126784351   101          0            
1217         1765474655   4126784363   31           0            
1218         1765474655   4126784363   0            0            
1007         1765474655   4126784366   0            0            
2021         1765474655   4126828387   28           27567776     
1008         1765474656   4127080056   0            0            
1009         1765474656   4127080060   1121000      0            
1215         1765474656   4127080061   1121000      0            
1010         1765474656   4127080072   0            0            
2021         1765474656   4127082126   13596        27567824     
1018         1765474656   4127289321   102          0            
1217         1765474656   4127289333   31           0            
1218         1765474656   4127289333   0            0            
1007         1765474656   4127289336   0            0            
2021         1765474656   4127337833   28           27567776     
1008         1765474656   4127585029   0            0            
1009         1765474656   4127585034   1121500      0            
1215         1765474656   4127585034   1121500      0            
1010         1765474656   4127585045   0            0            
2021         1765474656   4127587207   13596        27567824     
1018         1765474656   4127794502   103          0            
1217         1765474656   4127794514   31           0            
1218         1765474656   4127794515   0            0            
1007         1765474656   4127794517   0            0            
2021         1765474656   4127838879   28           27567776     
1008         1765474657   4128090204   0            0            
1009         1765474657   4128090208   1122000      0            
1215         1765474657   4128090209   1122000      0            
1010         1765474657   4128090220   0            0            
2021         1765474657   4128139178   13596        27567824     
1018         1765474657   4128299460   104          0            
1217         1765474657   4128299471   31           0            
1218         1765474657   4128299472   0            0            
1007         1765474657   4128299475   0            0            
2021         1765474657   4128345730   28           27567776     
1008         1765474657   4128595164   0            0            
1009         1765474657   4128595168   1122500      0            
1215         1765474657   4128595168   1122500      0            
1010         1765474657   4128595179   0            0            
2021         1765474657   4128597394   13596        27567824     
1018         1765474657   4128804612   105          0            
1217         1765474657   4128804624   31           0            
1218         1765474657   4128804624   0            0            
1007         1765474657   4128804627   0            0            
2021         1765474657   4128853123   28           27567776     
1008         1765474658   4129100316   0            0            
1009         1765474658   4129100320   1123000      0            
1215         1765474658   4129100321   1123000      0            
1010         1765474658   4129100331   0            0            
2021         1765474658   4129151589   13596        27567824     
1018         1765474658   4129309607   106          0            
1217         1765474658   4129309619   31           0            
1218         1765474658   4129309619   0            0            
1007         1765474658   4129309622   0            0            
2021         1765474658   4129356394   28           27567776     
1008         1765474658   4129605308   0            0            
1009         1765474658   4129605312   1123500      0            
1215         1765474658   4129605313   1123500      0            
1010         1765474658   4129605324   0            0            
2021         1765474658   4129607325   13596        27567824     
1018         1765474658   4129814669   107          0            
1217         1765474658   4129814681   31           0            
1218         1765474658   4129814682   0            0            
1007         1765474658   4129814684   0            0            
2021         1765474658   4129863692   28           27567776     
1008         1765474659   4130110375   0            0            
1009         1765474659   4130110380   1124000      0            
1215         1765474659   4130110380   1124000      0            
1010         1765474659   4130110391   0            0            
2021         1765474659   4130112474   13596        27567824     
1018         1765474659   4130319734   108          0            
1217         1765474659   4130319746   31           0            
1218         1765474659   4130319746   0            0            
1007         1765474659   4130319749   0            0            
2021         1765474659   4130368758   28           27567776     
1008         1765474659   4130615437   0            0            
1009         1765474659   4130615442   1124500      0            
1215         1765474659   4130615442   1124500      0            
1010         1765474659   4130615453   0            0            
2021         1765474659   4130671810   13596        27567824     
1018         1765474659   4130824766   109          0            
1217         1765474659   4130824778   31           0            
1218         1765474659   4130824779   0            0            
1007         1765474659   4130824781   0            0            
2021         1765474659   4130874822   28           27567776     
1008         1765474660   4131120470   0            0            
1009         1765474660   4131120474   1125000      0            
1215         1765474660   4131120475   1125000      0            
1010         1765474660   4131120486   0            0            
2021         1765474660   4131122619   13596        27567824     
1018         1765474660   4131329922   110          0            
1217         1765474660   4131329934   31           0            
1218         1765474660   4131329934   0            0            
1007         1765474660   4131329937   0            0            
2021         1765474660   4131380147   28           27567776     
1008         1765474660   4131625626   0            0            
1009         1765474660   4131625630   1125500      0            
1215         1765474660   4131625631   1125500      0            
1010         1765474660   4131625642   0            0            
2021         1765474660   4131627678   13596        27567824     
1018         1765474660   4131834936   111          0            
1217         1765474660   4131834947   31           0            
1218         1765474660   4131834948   0            0            
1007         1765474660   4131834951   0            0            
2021         1765474660   4131884648   28           27567776     
1008         1765474661   4132130639   0            0            
1009         1765474661   4132130644   1126000      0            
1215         1765474661   4132130644   1126000      0            
1010         1765474661   4132130655   0            0            
2021         1765474661   4132185628   13596        27567824     
1018         1765474661   4132339917   112          0            
1217         1765474661   4132339929   31           0            
1218         1765474661   4132339929   0            0            
1007         1765474661   4132339932   0            0            
2021         1765474661   4132390832   28           27567776     
1008         1765474661   4132635622   0            0            
1009         1765474661   4132635627   1126500      0            
1215         1765474661   4132635627   1126500      0            
1010         1765474661   4132635638   0            0            
2021         1765474661   4132637771   13596        27567824     
1018         1765474661   4132844774   113          0            
1217         1765474661   4132844786   31           0            
1218         1765474661   4132844787   0            0            
1007         1765474661   4132844789   0            0            
2021         1765474661   4132885885   28           27567776     
1008         1765474662   4133140479   0            0            
1009         1765474662   4133140483   1127000      0            
1215         1765474662   4133140484   1127000      0            
1010         1765474662   4133140495   0            0            
2021         1765474662   4133142628   13596        27567824     
1018         1765474662   4133349929   114          0            
1217         1765474662   4133349941   31           0            
1218         1765474662   4133349942   0            0            
1007         1765474662   4133349944   0            0            
2021         1765474662   4133392069   28           27567776     
1008         1765474662   4133645629   0            0            
1009         1765474662   4133645633   1127500      0            
1215         1765474662   4133645634   1127500      0            
1010         1765474662   4133645645   0            0            
2021         1765474662   4133647751   13596        27567824     
1018         1765474662   4133855102   115          0            
1217         1765474662   4133855114   31           0            
1218         1765474662   4133855114   0            0            
1007         1765474662   4133855117   0            0            
2021         1765474662   4133902920   28           27567776     
1008         1765474663   4134150802   0            0            
1009         1765474663   4134150807   1128000      0            
1215         1765474663   4134150807   1128000      0            
1010         1765474663   4134150818   0            0            
2021         1765474663   4134203065   13596        27567824     
1018         1765474663   4134359935   116          0            
1217         1765474663   4134359947   31           0            
1218         1765474663   4134359948   0            0            
1007         1765474663   4134359950   0            0            
2021         1765474663   4134407241   28           27567776     
1008         1765474663   4134655639   0            0            
1009         1765474663   4134655644   1128500      0            
1215         1765474663   4134655644   1128500      0            
1010         1765474663   4134655655   0            0            
2021         1765474663   4134657744   13596        27567824     
1018         1765474663   4134865158   117          0            
1217         1765474663   4134865170   31           0            
1218         1765474663   4134865171   0            0            
1007         1765474663   4134865173   0            0            
2021         1765474663   4134917966   28           27567776     
1008         1765474664   4135160858   0            0            
1009         1765474664   4135160863   1129000      0            
1215         1765474664   4135160863   1129000      0            
1010         1765474664   4135160874   0            0            
2021         1765474664   4135163034   13596        27567824     
1018         1765474664   4135370287   118          0            
1217         1765474664   4135370299   31           0            
1218         1765474664   4135370300   0            0            
1007         1765474664   4135370303   0            0            
2021         1765474664   4135421546   28           27567776     
1008         1765474664   4135665988   0            0            
1009         1765474664   4135665992   1129500      0            
1215         1765474664   4135665993   1129500      0            
1010         1765474664   4135666004   0            0            
2021         1765474664   4135668085   13596        27567824     
1018         1765474664   4135875079   119          0            
1217         1765474664   4135875090   31           0            
1218         1765474664   4135875091   0            0            
1007         1765474664   4135875094   0            0            
2021         1765474664   4135930471   28           27567776     
1008         1765474665   4136170787   0            0            
1009         1765474665   4136170792   1130000      0            
1215         1765474665   4136170792   1130000      0            
1010         1765474665   4136170803   0            0            
2021         1765474665   4136217601   13596        27567824     
1018         1765474665   4136380121   120          0            
1217         1765474665   4136380132   31           0            
1218         1765474665   4136380133   0            0            
1007         1765474665   4136380136   0            0            
2021         1765474665   4136421403   28           27567776     
1008         1765474665   4136675826   0            0            
1010         1765474665   4136675831   0            0            
2021         1765474665   4136677965   13596        27567824     
50001        1            1436502      0            0            
50002        1764777195   3996673270   4875         0            
50003        1            1436503      0            0            
50004        1            1436503      0            0            
