12           1765474394   3864158057   100794379    0            
15           1765474394   3864158058   1000000      0            
2021         1765474394   3864158855   24           27567776     
2021         1765474394   3864161627   25880        27567808     
2100         1765474394   3864161675   1            17039424     
2107         1765474395   3864507766   1            17039424     
2007         1765474396   3865228003   1765474395   0            
15           1765474396   3865228003   1000000      0            
2021         1765474396   3865228761   20           27567776     
1012         1765474396   3865234674   4294967295   1130000      
2001         1765474396   3865234674   1070000      1130000      
2002         1765474396   3865234675   500          0            
2003         1765474396   3865234675   4294967295   0            
2004         1765474396   3865234676   1            0            
1000         1765474396   3865234683   0            0            
1205         1765474396   3865234686   33700        0            
1217         1765474396   3865234805   31           0            
1218         1765474396   3865234806   0            0            
1203         1765474396   3865273833   4294966658   988          
1201         1765474396   3865273834   10           0            
2021         1765474396   3865284651   28           27567776     
1203         1765474396   3865360429   4294966658   988          
1013         1765474396   3865360429   0            0            
1014         1765474397   3866379770   0            0            
1203         1765474397   3866419875   4294966658   1000         
1125         1765474397   3866419876   23           0            
1117         1765474397   3866420023   3125         0            
1118         1765474397   3866439233   3595         0            
1119         1765474397   3866463379   0            0            
1120         1765474397   3866493007   4294939896   4294964235   
1121         1765474397   3866522661   0            0            
1122         1765474397   3866552299   4294939896   4294964235   
1124         1765474397   3866552301   0            0            
1123         1765474397   3866834315   0            0            
1100         1765474397   3866896245   28904        0            
1101         1765474397   3866896245   0            21945        
1115         1765474397   3866896246   644445       3354637330   
1116         1765474397   3866896246   29           1569810116   
1203         1765474397   3866935343   4294966660   981          
1201         1765474397   3866935343   10           0            
1204         1765474398   3868021835   11540        10           
1202         1765474398   3868021836   11540        0            
1203         1765474398   3868118320   4294966656   999          
1125         1765474398   3868118321   23           0            
1126         1765474398   3868118322   0            0            
1126         1765474398   3868118323   1            0            
1108         1765474398   3868118323   104          0            
1217         1765474398   3868118328   31           0            
1218         1765474398   3868118328   0            0            
1215         1765474398   3868118331   1130000      1            
1217         1765474398   3868172917   31           0            
1218         1765474398   3868172918   0            0            
1001         1765474398   3868172921   1            0            
1002         1765474399   3868469038   0            0            
2021         1765474399   3868471834   13592        27567824     
1018         1765474399   3868703529   120          0            
1003         1765474399   3868703530   0            0            
1201         1765474399   3868703531   10           0            
1203         1765474399   3868790145   4294966656   993          
1013         1765474399   3868790146   0            0            
2021         1765474399   3868890900   28           27567776     
1014         1765474400   3869814114   0            0            
1203         1765474400   3869854221   4294966655   1000         
1125         1765474400   3869854222   23           0            
1117         1765474400   3869854372   3150         0            
1118         1765474400   3869873582   3583         0            
1119         1765474400   3869899607   0            0            
1120         1765474400   3869929261   4294939896   4294964235   
1121         1765474400   3869958889   0            0            
1122         1765474400   3869988543   4294939896   4294964235   
1123         1765474400   3869988545   0            0            
1100         1765474400   3870050482   28940        0            
1101         1765474400   3870050483   0            22069        
1115         1765474400   3870050484   638482       585349214    
1116         1765474400   3870050484   28           3998507108   
1203         1765474400   3870090753   4294966657   1001         
1201         1765474400   3870090753   10           0            
1204         1765474401   3871203654   11528        10           
1202         1765474401   3871203655   11528        0            
1203         1765474402   3871301086   4294966656   1000         
1125         1765474402   3871301087   23           0            
1124         1765474402   3871301088   1            0            
1215         1765474402   3871581791   1130000      0            
1217         1765474402   3871631854   31           0            
1218         1765474402   3871631854   0            0            
1007         1765474402   3871631857   0            0            
1008         1765474402   3871927676   0            0            
1009         1765474402   3871927680   1129500      0            
1215         1765474402   3871927681   1129500      0            
1010         1765474402   3871927692   0            0            
2021         1765474402   3871929808   13596        27567824     
1018         1765474402   3871986350   119          0            
1217         1765474402   3871986362   31           0            
1218         1765474402   3871986362   0            0            
1007         1765474402   3871986365   0            0            
2021         1765474402   3872233262   28           27567776     
1008         1765474402   3872282338   0            0            
1009         1765474402   3872282342   1129000      0            
1215         1765474402   3872282343   1129000      0            
1010         1765474402   3872282354   0            0            
2021         1765474403   3872428275   13596        27567824     
1018         1765474403   3872491400   118          0            
1217         1765474403   3872491412   31           0            
1218         1765474403   3872491413   0            0            
1007         1765474403   3872491415   0            0            
2021         1765474403   3872539221   28           27567776     
1008         1765474403   3872787100   0            0            
1009         1765474403   3872787104   1128500      0            
1215         1765474403   3872787105   1128500      0            
1010         1765474403   3872787116   0            0            
2021         1765474403   3872789301   13596        27567824     
1018         1765474403   3872996487   117          0            
1217         1765474403   3872996499   31           0            
1218         1765474403   3872996499   0            0            
1007         1765474403   3872996502   0            0            
2021         1765474403   3873043963   28           27567776     
1008         1765474403   3873292475   0            0            
1009         1765474403   3873292479   1128000      0            
1215         1765474403   3873292480   1128000      0            
1010         1765474403   3873292491   0            0            
2021         1765474403   3873294602   13596        27567824     
1018         1765474404   3873501480   116          0            
1217         1765474404   3873501492   31           0            
1218         1765474404   3873501493   0            0            
1007         1765474404   3873501495   0            0            
2021         1765474404   3873643567   28           27567776     
1008         1765474404   3873797177   0            0            
1009         1765474404   3873797181   1127500      0            
1215         1765474404   3873797182   1127500      0            
1010         1765474404   3873797193   0            0            
2021         1765474404   3873799379   13596        27567824     
1018         1765474404   3874006546   115          0            
1217         1765474404   3874006558   31           0            
1218         1765474404   3874006559   0            0            
1007         1765474404   3874006561   0            0            
2021         1765474404   3874152247   28           27567776     
1008         1765474404   3874302539   0            0            
1009         1765474404   3874302543   1127000      0            
1215         1765474404   3874302544   1127000      0            
1010         1765474404   3874302554   0            0            
2021         1765474404   3874304689   13596        27567824     
1018         1765474405   3874511557   114          0            
1217         1765474405   3874511568   31           0            
1218         1765474405   3874511569   0            0            
1007         1765474405   3874511572   0            0            
2021         1765474405   3874559039   28           27567776     
1008         1765474405   3874807270   0            0            
1009         1765474405   3874807274   1126500      0            
1215         1765474405   3874807274   1126500      0            
1010         1765474405   3874807285   0            0            
2021         1765474405   3874809547   13596        27567824     
1018         1765474405   3875016665   113          0            
1217         1765474405   3875016676   31           0            
1218         1765474405   3875016677   0            0            
1007         1765474405   3875016680   0            0            
2021         1765474405   3875158584   28           27567776     
1008         1765474405   3875312664   0            0            
1009         1765474405   3875312668   1126000      0            
1215         1765474405   3875312669   1126000      0            
1010         1765474405   3875312680   0            0            
2021         1765474405   3875314760   13596        27567824     
1018         1765474406   3875521643   112          0            
1217         1765474406   3875521655   31           0            
1218         1765474406   3875521656   0            0            
1007         1765474406   3875521658   0            0            
2021         1765474406   3875562414   28           27567776     
1008         1765474406   3875817349   0            0            
1009         1765474406   3875817354   1125500      0            
1215         1765474406   3875817354   1125500      0            
1010         1765474406   3875817365   0            0            
2021         1765474406   3875819453   13596        27567824     
1018         1765474406   3876026678   111          0            
1217         1765474406   3876026690   31           0            
1218         1765474406   3876026691   0            0            
1007         1765474406   3876026694   0            0            
2021         1765474406   3876173240   28           27567776     
1008         1765474406   3876322674   0            0            
1009         1765474406   3876322678   1125000      0            
1215         1765474406   3876322678   1125000      0            
1010         1765474406   3876322689   0            0            
2021         1765474406   3876324858   13596        27567824     
1018         1765474407   3876531678   110          0            
1217         1765474407   3876531690   31           0            
1218         1765474407   3876531690   0            0            
1007         1765474407   3876531693   0            0            
2021         1765474407   3876574167   28           27567776     
1008         1765474407   3876827385   0            0            
1009         1765474407   3876827389   1124500      0            
1215         1765474407   3876827390   1124500      0            
1010         1765474407   3876827401   0            0            
2021         1765474407   3876829533   13596        27567824     
1018         1765474407   3877036772   109          0            
1217         1765474407   3877036784   31           0            
1218         1765474407   3877036785   0            0            
1007         1765474407   3877036787   0            0            
2021         1765474407   3877178692   28           27567776     
1008         1765474407   3877332767   0            0            
1009         1765474407   3877332771   1124000      0            
1215         1765474407   3877332772   1124000      0            
1010         1765474407   3877332783   0            0            
2021         1765474407   3877334892   13596        27567824     
1018         1765474408   3877541902   108          0            
1217         1765474408   3877541914   31           0            
1218         1765474408   3877541914   0            0            
1007         1765474408   3877541917   0            0            
2021         1765474408   3877785428   28           27567776     
1008         1765474408   3877837602   0            0            
1009         1765474408   3877837606   1123500      0            
1215         1765474408   3877837607   1123500      0            
1010         1765474408   3877837618   0            0            
2021         1765474408   3877839725   13596        27567824     
1018         1765474408   3878046874   107          0            
1217         1765474408   3878046886   31           0            
1218         1765474408   3878046886   0            0            
1007         1765474408   3878046889   0            0            
2021         1765474408   3878093493   28           27567776     
1008         1765474408   3878342872   0            0            
1009         1765474408   3878342876   1123000      0            
1215         1765474408   3878342877   1123000      0            
1010         1765474408   3878342888   0            0            
2021         1765474408   3878344969   13596        27567824     
1018         1765474409   3878551908   106          0            
1217         1765474409   3878551920   31           0            
1218         1765474409   3878551920   0            0            
1007         1765474409   3878551923   0            0            
2021         1765474409   3878683850   28           27567776     
1008         1765474409   3878847611   0            0            
1009         1765474409   3878847616   1122500      0            
1215         1765474409   3878847616   1122500      0            
1010         1765474409   3878847627   0            0            
2021         1765474409   3878849709   13596        27567824     
1018         1765474409   3879056957   105          0            
1217         1765474409   3879056969   31           0            
1218         1765474409   3879056969   0            0            
1007         1765474409   3879056972   0            0            
2021         1765474409   3879099103   28           27567776     
1008         1765474409   3879352965   0            0            
1009         1765474409   3879352969   1122000      0            
1215         1765474409   3879352970   1122000      0            
1010         1765474409   3879352981   0            0            
2021         1765474409   3879355068   13596        27567824     
1018         1765474410   3879561929   104          0            
1217         1765474410   3879561941   31           0            
1218         1765474410   3879561941   0            0            
1007         1765474410   3879561944   0            0            
2021         1765474410   3879611473   28           27567776     
1008         1765474410   3879857633   0            0            
1009         1765474410   3879857637   1121500      0            
1215         1765474410   3879857638   1121500      0            
1010         1765474410   3879857649   0            0            
2021         1765474410   3879859729   13596        27567824     
1018         1765474410   3880066876   103          0            
1217         1765474410   3880066888   31           0            
1218         1765474410   3880066889   0            0            
1007         1765474410   3880066891   0            0            
2021         1765474410   3880108335   28           27567776     
1008         1765474410   3880362875   0            0            
1009         1765474410   3880362879   1121000      0            
1215         1765474410   3880362880   1121000      0            
1010         1765474410   3880362891   0            0            
2021         1765474410   3880364972   13596        27567824     
1018         1765474411   3880571997   102          0            
1217         1765474411   3880572009   31           0            
1218         1765474411   3880572009   0            0            
1007         1765474411   3880572012   0            0            
2021         1765474411   3880634269   28           27567776     
1008         1765474411   3880867705   0            0            
1009         1765474411   3880867709   1120500      0            
1215         1765474411   3880867710   1120500      0            
1010         1765474411   3880867721   0            0            
2021         1765474411   3880869807   13596        27567824     
1018         1765474411   3881077205   101          0            
1217         1765474411   3881077217   31           0            
1218         1765474411   3881077217   0            0            
1007         1765474411   3881077220   0            0            
2021         1765474411   3881119698   28           27567776     
1008         1765474411   3881373201   0            0            
1009         1765474411   3881373205   1120000      0            
1215         1765474411   3881373206   1120000      0            
1010         1765474411   3881373217   0            0            
2021         1765474412   3881421104   13596        27567824     
1018         1765474412   3881582090   100          0            
1217         1765474412   3881582101   31           0            
1218         1765474412   3881582102   0            0            
1007         1765474412   3881582105   0            0            
2021         1765474412   3881627505   28           27567776     
1008         1765474412   3881877793   0            0            
1009         1765474412   3881877798   1119500      0            
1215         1765474412   3881877798   1119500      0            
1010         1765474412   3881877809   0            0            
2021         1765474412   3881931838   13596        27567824     
1018         1765474412   3882087267   99           0            
1217         1765474412   3882087279   31           0            
1218         1765474412   3882087279   0            0            
1007         1765474412   3882087282   0            0            
2021         1765474412   3882135777   28           27567776     
1008         1765474412   3882383269   0            0            
1009         1765474412   3882383273   1119000      0            
1215         1765474412   3882383274   1119000      0            
1010         1765474412   3882383285   0            0            
2021         1765474413   3882436925   13596        27567824     
1018         1765474413   3882592401   98           0            
1217         1765474413   3882592413   31           0            
1218         1765474413   3882592414   0            0            
1007         1765474413   3882592416   0            0            
2021         1765474413   3882641086   28           27567776     
1008         1765474413   3882888116   0            0            
1009         1765474413   3882888120   1118500      0            
1215         1765474413   3882888121   1118500      0            
1010         1765474413   3882888132   0            0            
2021         1765474413   3882890316   13596        27567824     
1018         1765474413   3883097290   97           0            
1217         1765474413   3883097302   31           0            
1218         1765474413   3883097303   0            0            
1007         1765474413   3883097305   0            0            
2021         1765474413   3883145972   28           27567776     
1008         1765474413   3883393295   0            0            
1009         1765474413   3883393299   1118000      0            
1215         1765474413   3883393300   1118000      0            
1010         1765474413   3883393311   0            0            
2021         1765474413   3883395443   13596        27567824     
1018         1765474414   3883602553   96           0            
1217         1765474414   3883602565   31           0            
1218         1765474414   3883602565   0            0            
1007         1765474414   3883602568   0            0            
2021         1765474414   3883648998   28           27567776     
1008         1765474414   3883898259   0            0            
1009         1765474414   3883898263   1117500      0            
1215         1765474414   3883898264   1117500      0            
1010         1765474414   3883898275   0            0            
2021         1765474414   3883951652   13596        27567824     
1018         1765474414   3884107533   95           0            
1217         1765474414   3884107544   31           0            
1218         1765474414   3884107545   0            0            
1007         1765474414   3884107548   0            0            
2021         1765474414   3884157248   28           27567776     
1008         1765474414   3884403531   0            0            
1009         1765474414   3884403535   1117000      0            
1215         1765474414   3884403536   1117000      0            
1010         1765474414   3884403547   0            0            
2021         1765474415   3884454850   13596        27567824     
1018         1765474415   3884612592   94           0            
1217         1765474415   3884612603   31           0            
1218         1765474415   3884612604   0            0            
1007         1765474415   3884612607   0            0            
2021         1765474415   3884659729   28           27567776     
1008         1765474415   3884908299   0            0            
1009         1765474415   3884908303   1116500      0            
1215         1765474415   3884908304   1116500      0            
1010         1765474415   3884908315   0            0            
2021         1765474415   3884910376   13596        27567824     
1018         1765474415   3885117478   93           0            
1217         1765474415   3885117489   31           0            
1218         1765474415   3885117490   0            0            
1007         1765474415   3885117493   0            0            
2021         1765474415   3885166333   28           27567776     
1008         1765474415   3885413482   0            0            
1009         1765474415   3885413487   1116000      0            
1215         1765474415   3885413487   1116000      0            
1010         1765474415   3885413498   0            0            
2021         1765474416   3885458866   13596        27567824     
1018         1765474416   3885622767   92           0            
1217         1765474416   3885622779   31           0            
1218         1765474416   3885622780   0            0            
1007         1765474416   3885622782   0            0            
2021         1765474416   3885664224   28           27567776     
1008         1765474416   3885918476   0            0            
1009         1765474416   3885918480   1115500      0            
1215         1765474416   3885918481   1115500      0            
1010         1765474416   3885918492   0            0            
2021         1765474416   3885965982   13596        27567824     
1018         1765474416   3886127769   91           0            
1217         1765474416   3886127781   31           0            
1218         1765474416   3886127782   0            0            
1007         1765474416   3886127785   0            0            
2021         1765474416   3886169228   28           27567776     
1008         1765474416   3886423769   0            0            
1009         1765474416   3886423773   1115000      0            
1215         1765474416   3886423774   1115000      0            
1010         1765474416   3886423785   0            0            
2021         1765474417   3886472018   13596        27567824     
1018         1765474417   3886632581   90           0            
1217         1765474417   3886632592   31           0            
1218         1765474417   3886632593   0            0            
1007         1765474417   3886632596   0            0            
2021         1765474417   3886674037   28           27567776     
1008         1765474417   3886928286   0            0            
1009         1765474417   3886928290   1114500      0            
1215         1765474417   3886928291   1114500      0            
1010         1765474417   3886928302   0            0            
2021         1765474417   3886976233   13596        27567824     
1018         1765474417   3887137798   89           0            
1217         1765474417   3887137810   31           0            
1218         1765474417   3887137810   0            0            
1007         1765474417   3887137813   0            0            
2021         1765474417   3887179773   28           27567776     
1008         1765474417   3887433794   0            0            
1009         1765474417   3887433799   1114000      0            
1215         1765474417   3887433799   1114000      0            
1010         1765474417   3887433810   0            0            
2021         1765474417   3887435924   13596        27567824     
1018         1765474418   3887642704   88           0            
1217         1765474418   3887642716   31           0            
1218         1765474418   3887642717   0            0            
1007         1765474418   3887642719   0            0            
2021         1765474418   3887685712   28           27567776     
1008         1765474418   3887938414   0            0            
1009         1765474418   3887938418   1113500      0            
1215         1765474418   3887938419   1113500      0            
1010         1765474418   3887938430   0            0            
2021         1765474418   3887991991   13596        27567824     
1018         1765474418   3888147913   87           0            
1217         1765474418   3888147925   31           0            
1218         1765474418   3888147925   0            0            
1007         1765474418   3888147928   0            0            
2021         1765474418   3888195909   28           27567776     
1008         1765474418   3888443910   0            0            
1009         1765474418   3888443914   1113000      0            
1215         1765474418   3888443915   1113000      0            
1010         1765474418   3888443926   0            0            
2021         1765474419   3888496746   13596        27567824     
1018         1765474419   3888653030   86           0            
1217         1765474419   3888653042   31           0            
1218         1765474419   3888653043   0            0            
1007         1765474419   3888653046   0            0            
2021         1765474419   3888709111   28           27567776     
1008         1765474419   3888948735   0            0            
1009         1765474419   3888948739   1112500      0            
1215         1765474419   3888948740   1112500      0            
1010         1765474419   3888948751   0            0            
2021         1765474419   3889004295   13596        27567824     
1018         1765474419   3889158108   85           0            
1217         1765474419   3889158120   31           0            
1218         1765474419   3889158120   0            0            
1007         1765474419   3889158123   0            0            
2021         1765474419   3889207308   28           27567776     
1008         1765474419   3889454102   0            0            
1009         1765474419   3889454106   1112000      0            
1215         1765474419   3889454107   1112000      0            
1010         1765474419   3889454118   0            0            
2021         1765474420   3889506840   13596        27567824     
1018         1765474420   3889663169   84           0            
1217         1765474420   3889663181   31           0            
1218         1765474420   3889663182   0            0            
1007         1765474420   3889663184   0            0            
2021         1765474420   3889709788   28           27567776     
1008         1765474420   3889958875   0            0            
1009         1765474420   3889958879   1111500      0            
1215         1765474420   3889958880   1111500      0            
1010         1765474420   3889958891   0            0            
2021         1765474420   3889960951   13596        27567824     
1018         1765474420   3890168140   83           0            
1217         1765474420   3890168152   31           0            
1218         1765474420   3890168153   0            0            
1007         1765474420   3890168155   0            0            
2021         1765474420   3890214243   28           27567776     
1008         1765474420   3890464135   0            0            
1009         1765474420   3890464139   1111000      0            
1215         1765474420   3890464140   1111000      0            
1010         1765474420   3890464151   0            0            
2021         1765474420   3890466335   13596        27567824     
1018         1765474421   3890673296   82           0            
1217         1765474421   3890673308   31           0            
1218         1765474421   3890673308   0            0            
1007         1765474421   3890673311   0            0            
2021         1765474421   3890720775   28           27567776     
1008         1765474421   3890968999   0            0            
1009         1765474421   3890969003   1110500      0            
1215         1765474421   3890969004   1110500      0            
1010         1765474421   3890969015   0            0            
2021         1765474421   3890971076   13596        27567824     
1018         1765474421   3891178114   81           0            
1217         1765474421   3891178126   31           0            
1218         1765474421   3891178127   0            0            
1007         1765474421   3891178129   0            0            
2021         1765474421   3891223525   28           27567776     
1008         1765474421   3891474119   0            0            
1009         1765474421   3891474123   1110000      0            
1215         1765474421   3891474124   1110000      0            
1010         1765474421   3891474135   0            0            
2021         1765474422   3891522594   13596        27567824     
1018         1765474422   3891683167   80           0            
1217         1765474422   3891683179   31           0            
1218         1765474422   3891683179   0            0            
1007         1765474422   3891683182   0            0            
2021         1765474422   3891727030   28           27567776     
1008         1765474422   3891978880   0            0            
1009         1765474422   3891978884   1109500      0            
1215         1765474422   3891978885   1109500      0            
1010         1765474422   3891978896   0            0            
2021         1765474422   3892030622   13596        27567824     
1018         1765474422   3892188176   79           0            
1217         1765474422   3892188188   31           0            
1218         1765474422   3892188189   0            0            
1007         1765474422   3892188191   0            0            
2021         1765474422   3892233759   28           27567776     
1008         1765474422   3892484176   0            0            
1009         1765474422   3892484180   1109000      0            
1215         1765474422   3892484181   1109000      0            
1010         1765474422   3892484192   0            0            
2021         1765474422   3892486377   13596        27567824     
1018         1765474423   3892693478   78           0            
1217         1765474423   3892693490   31           0            
1218         1765474423   3892693491   0            0            
1007         1765474423   3892693493   0            0            
2021         1765474423   3892740609   28           27567776     
1008         1765474423   3892989182   0            0            
1009         1765474423   3892989186   1108500      0            
1215         1765474423   3892989187   1108500      0            
1010         1765474423   3892989198   0            0            
2021         1765474423   3892991304   13596        27567824     
1018         1765474423   3893198470   77           0            
1217         1765474423   3893198482   31           0            
1218         1765474423   3893198482   0            0            
1007         1765474423   3893198485   0            0            
2021         1765474423   3893247492   28           27567776     
1008         1765474423   3893494465   0            0            
1009         1765474423   3893494469   1108000      0            
1215         1765474423   3893494470   1108000      0            
1010         1765474423   3893494480   0            0            
2021         1765474423   3893496697   13596        27567824     
1018         1765474424   3893703523   76           0            
1217         1765474424   3893703535   31           0            
1218         1765474424   3893703536   0            0            
1007         1765474424   3893703538   0            0            
2021         1765474424   3893745149   28           27567776     
1008         1765474424   3893999226   0            0            
1009         1765474424   3893999230   1107500      0            
1215         1765474424   3893999231   1107500      0            
1010         1765474424   3893999242   0            0            
2021         1765474424   3894044845   13596        27567824     
1018         1765474424   3894208557   75           0            
1217         1765474424   3894208569   31           0            
1218         1765474424   3894208570   0            0            
1007         1765474424   3894208572   0            0            
2021         1765474424   3894263260   28           27567776     
1008         1765474424   3894504552   0            0            
1009         1765474424   3894504556   1107000      0            
1215         1765474424   3894504557   1107000      0            
1010         1765474424   3894504568   0            0            
2021         1765474424   3894506745   13596        27567824     
1018         1765474425   3894713456   74           0            
1217         1765474425   3894713468   31           0            
1218         1765474425   3894713468   0            0            
1007         1765474425   3894713471   0            0            
2021         1765474425   3894757151   28           27567776     
1008         1765474425   3895009162   0            0            
1009         1765474425   3895009166   1106500      0            
1215         1765474425   3895009167   1106500      0            
1010         1765474425   3895009178   0            0            
2021         1765474425   3895011232   13596        27567824     
1018         1765474425   3895218699   73           0            
1217         1765474425   3895218711   31           0            
1218         1765474425   3895218712   0            0            
1007         1765474425   3895218714   0            0            
2021         1765474425   3895265314   28           27567776     
1008         1765474425   3895514694   0            0            
1009         1765474425   3895514698   1106000      0            
1215         1765474425   3895514699   1106000      0            
1010         1765474425   3895514710   0            0            
2021         1765474426   3895564398   13596        27567824     
1018         1765474426   3895723474   72           0            
1217         1765474426   3895723486   31           0            
1218         1765474426   3895723487   0            0            
1007         1765474426   3895723489   0            0            
2021         1765474426   3895767853   28           27567776     
1008         1765474426   3896019176   0            0            
1009         1765474426   3896019181   1105500      0            
1215         1765474426   3896019181   1105500      0            
1010         1765474426   3896019192   0            0            
2021         1765474426   3896021303   13596        27567824     
1018         1765474426   3896228739   71           0            
1217         1765474426   3896228751   31           0            
1218         1765474426   3896228751   0            0            
1007         1765474426   3896228754   0            0            
2021         1765474426   3896270710   28           27567776     
1008         1765474426   3896524739   0            0            
1009         1765474426   3896524743   1105000      0            
1215         1765474426   3896524743   1105000      0            
1010         1765474426   3896524754   0            0            
2021         1765474426   3896526860   13596        27567824     
1018         1765474427   3896733654   70           0            
1217         1765474427   3896733666   31           0            
1218         1765474427   3896733666   0            0            
1007         1765474427   3896733669   0            0            
2021         1765474427   3896775278   28           27567776     
1008         1765474427   3897029357   0            0            
1009         1765474427   3897029361   1104500      0            
1215         1765474427   3897029362   1104500      0            
1010         1765474427   3897029373   0            0            
2021         1765474427   3897031451   13596        27567824     
1018         1765474427   3897238770   69           0            
1217         1765474427   3897238782   31           0            
1218         1765474427   3897238783   0            0            
1007         1765474427   3897238785   0            0            
2021         1765474427   3897293644   28           27567776     
1008         1765474427   3897534774   0            0            
1009         1765474427   3897534778   1104000      0            
1215         1765474427   3897534779   1104000      0            
1010         1765474427   3897534790   0            0            
2021         1765474428   3897581581   13596        27567824     
1018         1765474428   3897743714   68           0            
1217         1765474428   3897743726   31           0            
1218         1765474428   3897743727   0            0            
1007         1765474428   3897743729   0            0            
2021         1765474428   3897784996   28           27567776     
1008         1765474428   3898039420   0            0            
1009         1765474428   3898039424   1103500      0            
1215         1765474428   3898039425   1103500      0            
1010         1765474428   3898039436   0            0            
2021         1765474428   3898041466   13596        27567824     
1018         1765474428   3898249004   67           0            
1217         1765474428   3898249016   31           0            
1218         1765474428   3898249017   0            0            
1007         1765474428   3898249019   0            0            
2021         1765474428   3898289943   28           27567776     
1008         1765474428   3898544996   0            0            
1009         1765474428   3898545000   1103000      0            
1215         1765474428   3898545001   1103000      0            
1010         1765474428   3898545012   0            0            
2021         1765474428   3898547092   13596        27567824     
1018         1765474429   3898754052   66           0            
1217         1765474429   3898754064   31           0            
1218         1765474429   3898754065   0            0            
1007         1765474429   3898754067   0            0            
2021         1765474429   3898796709   28           27567776     
1008         1765474429   3899049759   0            0            
1009         1765474429   3899049763   1102500      0            
1215         1765474429   3899049764   1102500      0            
1010         1765474429   3899049774   0            0            
2021         1765474429   3899101420   13596        27567824     
1018         1765474429   3899259137   65           0            
1217         1765474429   3899259149   31           0            
1218         1765474429   3899259150   0            0            
1007         1765474429   3899259152   0            0            
2021         1765474429   3899306613   28           27567776     
1008         1765474429   3899555132   0            0            
1009         1765474429   3899555136   1102000      0            
1215         1765474429   3899555136   1102000      0            
1010         1765474429   3899555147   0            0            
2021         1765474429   3899557238   13596        27567824     
1018         1765474430   3899764014   64           0            
1217         1765474430   3899764026   31           0            
1218         1765474430   3899764027   0            0            
1007         1765474430   3899764029   0            0            
2021         1765474430   3899807017   28           27567776     
1008         1765474430   3900059723   0            0            
1009         1765474430   3900059727   1101500      0            
1215         1765474430   3900059728   1101500      0            
1010         1765474430   3900059739   0            0            
2021         1765474430   3900107981   13596        27567824     
1018         1765474430   3900269082   63           0            
1217         1765474430   3900269094   31           0            
1218         1765474430   3900269094   0            0            
1007         1765474430   3900269097   0            0            
2021         1765474430   3900325846   28           27567776     
1008         1765474430   3900565081   0            0            
1009         1765474430   3900565085   1101000      0            
1215         1765474430   3900565086   1101000      0            
1010         1765474430   3900565097   0            0            
2021         1765474430   3900567180   13596        27567824     
1018         1765474431   3900774122   62           0            
1217         1765474431   3900774134   31           0            
1218         1765474431   3900774135   0            0            
1007         1765474431   3900774137   0            0            
2021         1765474431   3900826584   28           27567776     
1008         1765474431   3901069826   0            0            
1009         1765474431   3901069830   1100500      0            
1215         1765474431   3901069831   1100500      0            
1010         1765474431   3901069842   0            0            
2021         1765474431   3901113051   13596        27567824     
1018         1765474431   3901279345   61           0            
1217         1765474431   3901279357   31           0            
1218         1765474431   3901279358   0            0            
1007         1765474431   3901279361   0            0            
2021         1765474431   3901333530   28           27567776     
1008         1765474431   3901575336   0            0            
1009         1765474431   3901575341   1100000      0            
1215         1765474431   3901575341   1100000      0            
1010         1765474431   3901575352   0            0            
2021         1765474431   3901577492   13596        27567824     
1018         1765474432   3901784346   60           0            
1217         1765474432   3901784357   31           0            
1218         1765474432   3901784358   0            0            
1007         1765474432   3901784361   0            0            
2021         1765474432   3901826316   28           27567776     
1008         1765474432   3902080048   0            0            
1009         1765474432   3902080052   1099500      0            
1215         1765474432   3902080053   1099500      0            
1010         1765474432   3902080064   0            0            
2021         1765474432   3902082080   13596        27567824     
1018         1765474432   3902289360   59           0            
1217         1765474432   3902289372   31           0            
1218         1765474432   3902289372   0            0            
1007         1765474432   3902289375   0            0            
2021         1765474432   3902336491   28           27567776     
1008         1765474432   3902585351   0            0            
1009         1765474432   3902585355   1099000      0            
1215         1765474432   3902585355   1099000      0            
1010         1765474432   3902585366   0            0            
2021         1765474432   3902587505   13596        27567824     
1018         1765474433   3902794201   58           0            
1217         1765474433   3902794213   31           0            
1218         1765474433   3902794214   0            0            
1007         1765474433   3902794216   0            0            
2021         1765474433   3902840129   28           27567776     
1008         1765474433   3903089903   0            0            
1009         1765474433   3903089907   1098500      0            
1215         1765474433   3903089908   1098500      0            
1010         1765474433   3903089919   0            0            
2021         1765474433   3903092058   13596        27567824     
1018         1765474433   3903299405   57           0            
1217         1765474433   3903299417   31           0            
1218         1765474433   3903299417   0            0            
1007         1765474433   3903299420   0            0            
2021         1765474433   3903342407   28           27567776     
1008         1765474433   3903595403   0            0            
1009         1765474433   3903595407   1098000      0            
1215         1765474433   3903595408   1098000      0            
1010         1765474433   3903595419   0            0            
2021         1765474433   3903597475   13596        27567824     
1018         1765474434   3903804405   56           0            
1217         1765474434   3903804417   31           0            
1218         1765474434   3903804418   0            0            
1007         1765474434   3903804420   0            0            
2021         1765474434   3903849988   28           27567776     
1008         1765474434   3904100110   0            0            
1009         1765474434   3904100114   1097500      0            
1215         1765474434   3904100115   1097500      0            
1010         1765474434   3904100126   0            0            
2021         1765474434   3904102315   13596        27567824     
1018         1765474434   3904309353   55           0            
1217         1765474434   3904309364   31           0            
1218         1765474434   3904309365   0            0            
1007         1765474434   3904309368   0            0            
2021         1765474434   3904355968   28           27567776     
1008         1765474434   3904605355   0            0            
1009         1765474434   3904605360   1097000      0            
1215         1765474434   3904605360   1097000      0            
1010         1765474434   3904605371   0            0            
2021         1765474434   3904607423   13596        27567824     
1018         1765474435   3904814431   54           0            
1217         1765474435   3904814443   31           0            
1218         1765474435   3904814443   0            0            
1007         1765474435   3904814446   0            0            
2021         1765474435   3904863110   28           27567776     
1008         1765474435   3905110134   0            0            
1009         1765474435   3905110138   1096500      0            
1215         1765474435   3905110139   1096500      0            
1010         1765474435   3905110150   0            0            
2021         1765474435   3905112264   13596        27567824     
1018         1765474435   3905319455   53           0            
1217         1765474435   3905319467   31           0            
1218         1765474435   3905319467   0            0            
1007         1765474435   3905319470   0            0            
2021         1765474435   3905366070   28           27567776     
1008         1765474435   3905615458   0            0            
1009         1765474435   3905615462   1096000      0            
1215         1765474435   3905615463   1096000      0            
1010         1765474435   3905615474   0            0            
2021         1765474435   3905617541   13596        27567824     
1018         1765474436   3905824526   52           0            
1217         1765474436   3905824538   31           0            
1218         1765474436   3905824538   0            0            
1007         1765474436   3905824541   0            0            
2021         1765474436   3905871829   28           27567776     
1008         1765474436   3906120230   0            0            
1009         1765474436   3906120234   1095500      0            
1215         1765474436   3906120234   1095500      0            
1010         1765474436   3906120245   0            0            
2021         1765474436   3906174904   13596        27567824     
1018         1765474436   3906329732   51           0            
1217         1765474436   3906329744   31           0            
1218         1765474436   3906329745   0            0            
1007         1765474436   3906329747   0            0            
2021         1765474436   3906379271   28           27567776     
1008         1765474436   3906625726   0            0            
1009         1765474436   3906625730   1095000      0            
1215         1765474436   3906625730   1095000      0            
1010         1765474436   3906625741   0            0            
2021         1765474436   3906627832   13596        27567824     
1018         1765474437   3906834888   50           0            
1217         1765474437   3906834899   31           0            
1218         1765474437   3906834900   0            0            
1007         1765474437   3906834903   0            0            
2021         1765474437   3906883910   28           27567776     
1008         1765474437   3907130595   0            0            
1009         1765474437   3907130599   1094500      0            
1215         1765474437   3907130600   1094500      0            
1010         1765474437   3907130611   0            0            
2021         1765474437   3907185808   13596        27567824     
1018         1765474437   3907339711   49           0            
1217         1765474437   3907339723   31           0            
1218         1765474437   3907339724   0            0            
1007         1765474437   3907339726   0            0            
2021         1765474437   3907389767   28           27567776     
1008         1765474437   3907635707   0            0            
1009         1765474437   3907635711   1094000      0            
1215         1765474437   3907635712   1094000      0            
1010         1765474437   3907635723   0            0            
2021         1765474437   3907637830   13596        27567824     
1018         1765474438   3907844931   48           0            
1217         1765474438   3907844943   31           0            
1218         1765474438   3907844943   0            0            
1007         1765474438   3907844946   0            0            
2021         1765474438   3907891714   28           27567776     
1008         1765474438   3908140631   0            0            
1009         1765474438   3908140635   1093500      0            
1215         1765474438   3908140636   1093500      0            
1010         1765474438   3908140647   0            0            
2021         1765474438   3908142648   13596        27567824     
1018         1765474438   3908349794   47           0            
1217         1765474438   3908349805   31           0            
1218         1765474438   3908349806   0            0            
1007         1765474438   3908349809   0            0            
2021         1765474438   3908390216   28           27567776     
1008         1765474438   3908645794   0            0            
1009         1765474438   3908645799   1093000      0            
1215         1765474438   3908645799   1093000      0            
1010         1765474438   3908645810   0            0            
2021         1765474438   3908647864   13596        27567824     
1018         1765474439   3908854967   46           0            
1217         1765474439   3908854979   31           0            
1218         1765474439   3908854980   0            0            
1007         1765474439   3908854982   0            0            
2021         1765474439   3908895905   28           27567776     
1008         1765474439   3909150668   0            0            
1009         1765474439   3909150672   1092500      0            
1215         1765474439   3909150673   1092500      0            
1010         1765474439   3909150684   0            0            
2021         1765474439   3909199674   13596        27567824     
1018         1765474439   3909359969   45           0            
1217         1765474439   3909359981   31           0            
1218         1765474439   3909359982   0            0            
1007         1765474439   3909359984   0            0            
2021         1765474439   3909405209   28           27567776     
1008         1765474439   3909655972   0            0            
1009         1765474439   3909655976   1092000      0            
1215         1765474439   3909655977   1092000      0            
1010         1765474439   3909655988   0            0            
2021         1765474439   3909658068   13596        27567824     
1018         1765474440   3909864973   44           0            
1217         1765474440   3909864985   31           0            
1218         1765474440   3909864986   0            0            
1007         1765474440   3909864988   0            0            
2021         1765474440   3909909353   28           27567776     
1008         1765474440   3910160686   0            0            
1009         1765474440   3910160690   1091500      0            
1215         1765474440   3910160691   1091500      0            
1010         1765474440   3910160702   0            0            
2021         1765474440   3910162807   13596        27567824     
1018         1765474440   3910370169   43           0            
1217         1765474440   3910370181   31           0            
1218         1765474440   3910370181   0            0            
1007         1765474440   3910370184   0            0            
2021         1765474440   3910415064   28           27567776     
1008         1765474440   3910666165   0            0            
1009         1765474440   3910666169   1091000      0            
1215         1765474440   3910666169   1091000      0            
1010         1765474440   3910666180   0            0            
2021         1765474440   3910668318   13596        27567824     
1018         1765474441   3910875047   42           0            
1217         1765474441   3910875059   31           0            
1218         1765474441   3910875060   0            0            
1007         1765474441   3910875063   0            0            
2021         1765474441   3910920975   28           27567776     
1008         1765474441   3911170749   0            0            
1009         1765474441   3911170753   1090500      0            
1215         1765474441   3911170754   1090500      0            
1010         1765474441   3911170765   0            0            
2021         1765474441   3911223224   13596        27567824     
1018         1765474441   3911380244   41           0            
1217         1765474441   3911380256   31           0            
1218         1765474441   3911380256   0            0            
1007         1765474441   3911380259   0            0            
2021         1765474441   3911428748   28           27567776     
1008         1765474441   3911676235   0            0            
1009         1765474441   3911676239   1090000      0            
1215         1765474441   3911676240   1090000      0            
1010         1765474441   3911676251   0            0            
2021         1765474441   3911678409   13596        27567824     
1018         1765474442   3911885160   40           0            
1217         1765474442   3911885171   31           0            
1218         1765474442   3911885172   0            0            
1007         1765474442   3911885175   0            0            
2021         1765474442   3911934011   28           27567776     
1008         1765474442   3912180868   0            0            
1009         1765474442   3912180872   1089500      0            
1215         1765474442   3912180873   1089500      0            
1010         1765474442   3912180884   0            0            
2021         1765474442   3912182962   13596        27567824     
1018         1765474442   3912390339   39           0            
1217         1765474442   3912390351   31           0            
1218         1765474442   3912390351   0            0            
1007         1765474442   3912390354   0            0            
2021         1765474442   3912438674   28           27567776     
1008         1765474442   3912686334   0            0            
1009         1765474442   3912686338   1089000      0            
1215         1765474442   3912686339   1089000      0            
1010         1765474442   3912686350   0            0            
2021         1765474442   3912688429   13596        27567824     
1018         1765474443   3912895244   38           0            
1217         1765474443   3912895255   31           0            
1218         1765474443   3912895256   0            0            
1007         1765474443   3912895259   0            0            
2021         1765474443   3912942375   28           27567776     
1008         1765474443   3913190951   0            0            
1009         1765474443   3913190955   1088500      0            
1215         1765474443   3913190956   1088500      0            
1010         1765474443   3913190967   0            0            
2021         1765474443   3913193047   13596        27567824     
1018         1765474443   3913400289   37           0            
1217         1765474443   3913400301   31           0            
1218         1765474443   3913400302   0            0            
1007         1765474443   3913400304   0            0            
2021         1765474443   3913445527   28           27567776     
1008         1765474443   3913696293   0            0            
1009         1765474443   3913696297   1088000      0            
1215         1765474443   3913696298   1088000      0            
1010         1765474443   3913696309   0            0            
2021         1765474443   3913698363   13596        27567824     
1018         1765474444   3913905532   36           0            
1217         1765474444   3913905544   31           0            
1218         1765474444   3913905544   0            0            
1007         1765474444   3913905547   0            0            
2021         1765474444   3913951803   28           27567776     
1008         1765474444   3914201235   0            0            
1009         1765474444   3914201240   1087500      0            
1215         1765474444   3914201240   1087500      0            
1010         1765474444   3914201251   0            0            
2021         1765474444   3914203307   13596        27567824     
1018         1765474444   3914410557   35           0            
1217         1765474444   3914410569   31           0            
1218         1765474444   3914410569   0            0            
1007         1765474444   3914410572   0            0            
2021         1765474444   3914464912   28           27567776     
1008         1765474444   3914706548   0            0            
1009         1765474444   3914706553   1087000      0            
1215         1765474444   3914706553   1087000      0            
1010         1765474444   3914706564   0            0            
2021         1765474444   3914708617   13596        27567824     
1018         1765474445   3914915683   34           0            
1217         1765474445   3914915695   31           0            
1218         1765474445   3914915695   0            0            
1007         1765474445   3914915698   0            0            
2021         1765474445   3914970383   28           27567776     
1008         1765474445   3915211385   0            0            
1009         1765474445   3915211389   1086500      0            
1215         1765474445   3915211390   1086500      0            
1010         1765474445   3915211401   0            0            
2021         1765474445   3915264927   13596        27567824     
1018         1765474445   3915420643   33           0            
1217         1765474445   3915420655   31           0            
1218         1765474445   3915420655   0            0            
1007         1765474445   3915420658   0            0            
2021         1765474445   3915470011   28           27567776     
1008         1765474445   3915716637   0            0            
1009         1765474445   3915716641   1086000      0            
1215         1765474445   3915716642   1086000      0            
1010         1765474445   3915716653   0            0            
2021         1765474445   3915718706   13596        27567824     
1018         1765474446   3915925571   32           0            
1217         1765474446   3915925582   31           0            
1218         1765474446   3915925583   0            0            
1007         1765474446   3915925586   0            0            
2021         1765474446   3915974422   28           27567776     
1008         1765474446   3916221275   0            0            
1009         1765474446   3916221279   1085500      0            
1215         1765474446   3916221280   1085500      0            
1010         1765474446   3916221291   0            0            
2021         1765474446   3916278729   13596        27567824     
1018         1765474446   3916430762   31           0            
1217         1765474446   3916430774   31           0            
1218         1765474446   3916430774   0            0            
1007         1765474446   3916430777   0            0            
2021         1765474446   3916482537   28           27567776     
1008         1765474446   3916726753   0            0            
1009         1765474446   3916726757   1085000      0            
1215         1765474446   3916726757   1085000      0            
1010         1765474446   3916726768   0            0            
2021         1765474447   3916781956   13596        27567824     
1018         1765474447   3916935639   30           0            
1217         1765474447   3916935651   31           0            
1218         1765474447   3916935652   0            0            
1007         1765474447   3916935654   0            0            
2021         1765474447   3916991371   28           27567776     
1008         1765474447   3917231340   0            0            
1009         1765474447   3917231344   1084500      0            
1215         1765474447   3917231345   1084500      0            
1010         1765474447   3917231356   0            0            
2021         1765474447   3917288312   13596        27567824     
1018         1765474447   3917440654   29           0            
1217         1765474447   3917440666   31           0            
1218         1765474447   3917440666   0            0            
1007         1765474447   3917440669   0            0            
2021         1765474447   3917496383   28           27567776     
1008         1765474447   3917736650   0            0            
1009         1765474447   3917736654   1084000      0            
1215         1765474447   3917736654   1084000      0            
1010         1765474447   3917736665   0            0            
2021         1765474447   3917738753   13596        27567824     
1018         1765474448   3917945907   28           0            
1217         1765474448   3917945919   31           0            
1218         1765474448   3917945919   0            0            
1007         1765474448   3917945922   0            0            
2021         1765474448   3918001640   28           27567776     
1008         1765474448   3918241612   0            0            
1009         1765474448   3918241617   1083500      0            
1215         1765474448   3918241617   1083500      0            
1010         1765474448   3918241628   0            0            
2021         1765474448   3918288371   13596        27567824     
1018         1765474448   3918450909   27           0            
1217         1765474448   3918450921   31           0            
1218         1765474448   3918450921   0            0            
1007         1765474448   3918450924   0            0            
2021         1765474448   3918491331   28           27567776     
1008         1765474448   3918746906   0            0            
1009         1765474448   3918746910   1083000      0            
1215         1765474448   3918746911   1083000      0            
1010         1765474448   3918746922   0            0            
2021         1765474448   3918749006   13596        27567824     
1018         1765474449   3918956025   26           0            
1217         1765474449   3918956037   31           0            
1218         1765474449   3918956037   0            0            
1007         1765474449   3918956040   0            0            
2021         1765474449   3918998852   28           27567776     
1008         1765474449   3919251723   0            0            
1009         1765474449   3919251727   1082500      0            
1215         1765474449   3919251728   1082500      0            
1010         1765474449   3919251739   0            0            
2021         1765474449   3919253690   13596        27567824     
1018         1765474449   3919461034   25           0            
1217         1765474449   3919461046   31           0            
1218         1765474449   3919461047   0            0            
1007         1765474449   3919461050   0            0            
2021         1765474449   3919517110   28           27567776     
1008         1765474449   3919757028   0            0            
1009         1765474449   3919757032   1082000      0            
1215         1765474449   3919757033   1082000      0            
1010         1765474449   3919757044   0            0            
2021         1765474449   3919759102   13596        27567824     
1018         1765474450   3919965978   24           0            
1217         1765474450   3919965990   31           0            
1218         1765474450   3919965990   0            0            
1007         1765474450   3919965993   0            0            
2021         1765474450   3920021021   28           27567776     
1008         1765474450   3920261682   0            0            
1009         1765474450   3920261686   1081500      0            
1215         1765474450   3920261687   1081500      0            
1010         1765474450   3920261698   0            0            
2021         1765474450   3920263700   13596        27567824     
1018         1765474450   3920470985   23           0            
1217         1765474450   3920470997   31           0            
1218         1765474450   3920470998   0            0            
1007         1765474450   3920471000   0            0            
2021         1765474450   3920511924   28           27567776     
1008         1765474450   3920766986   0            0            
1009         1765474450   3920766990   1081000      0            
1215         1765474450   3920766991   1081000      0            
1010         1765474450   3920767002   0            0            
2021         1765474450   3920769134   13596        27567824     
1018         1765474451   3920976102   22           0            
1217         1765474451   3920976114   31           0            
1218         1765474451   3920976115   0            0            
1007         1765474451   3920976118   0            0            
2021         1765474451   3921030975   28           27567776     
1008         1765474451   3921271806   0            0            
1009         1765474451   3921271811   1080500      0            
1215         1765474451   3921271811   1080500      0            
1010         1765474451   3921271822   0            0            
2021         1765474451   3921273778   13596        27567824     
1018         1765474451   3921481314   21           0            
1217         1765474451   3921481326   31           0            
1218         1765474451   3921481327   0            0            
1007         1765474451   3921481330   0            0            
2021         1765474451   3921523801   28           27567776     
1008         1765474451   3921777307   0            0            
1009         1765474451   3921777311   1080000      0            
1215         1765474451   3921777312   1080000      0            
1010         1765474451   3921777323   0            0            
2021         1765474451   3921779339   13596        27567824     
1018         1765474452   3921986126   20           0            
1217         1765474452   3921986138   31           0            
1218         1765474452   3921986139   0            0            
1007         1765474452   3921986141   0            0            
2021         1765474452   3922031363   28           27567776     
1008         1765474452   3922281830   0            0            
1009         1765474452   3922281834   1079500      0            
1215         1765474452   3922281835   1079500      0            
1010         1765474452   3922281846   0            0            
2021         1765474452   3922283882   13596        27567824     
1018         1765474452   3922491414   19           0            
1217         1765474452   3922491426   31           0            
1218         1765474452   3922491426   0            0            
1007         1765474452   3922491429   0            0            
2021         1765474452   3922538373   28           27567776     
1008         1765474452   3922787409   0            0            
1009         1765474452   3922787414   1079000      0            
1215         1765474452   3922787415   1079000      0            
1010         1765474452   3922787426   0            0            
2021         1765474453   3922839718   13596        27567824     
1018         1765474453   3922996481   18           0            
1217         1765474453   3922996493   31           0            
1218         1765474453   3922996494   0            0            
1007         1765474453   3922996496   0            0            
2021         1765474453   3923051180   28           27567776     
1008         1765474453   3923292184   0            0            
1009         1765474453   3923292188   1078500      0            
1215         1765474453   3923292189   1078500      0            
1010         1765474453   3923292200   0            0            
2021         1765474453   3923294284   13596        27567824     
1018         1765474453   3923501484   17           0            
1217         1765474453   3923501495   31           0            
1218         1765474453   3923501496   0            0            
1007         1765474453   3923501499   0            0            
2021         1765474453   3923549130   28           27567776     
1008         1765474453   3923797478   0            0            
1009         1765474453   3923797482   1078000      0            
1215         1765474453   3923797483   1078000      0            
1010         1765474453   3923797494   0            0            
2021         1765474453   3923799552   13596        27567824     
1018         1765474454   3924006386   16           0            
1217         1765474454   3924006398   31           0            
1218         1765474454   3924006398   0            0            
1007         1765474454   3924006401   0            0            
2021         1765474454   3924053861   28           27567776     
1008         1765474454   3924302090   0            0            
1009         1765474454   3924302094   1077500      0            
1215         1765474454   3924302095   1077500      0            
1010         1765474454   3924302105   0            0            
2021         1765474454   3924304262   13596        27567824     
1018         1765474454   3924511478   15           0            
1217         1765474454   3924511489   31           0            
1218         1765474454   3924511490   0            0            
1007         1765474454   3924511493   0            0            
2021         1765474454   3924567897   28           27567776     
1008         1765474454   3924807479   0            0            
1009         1765474454   3924807484   1077000      0            
1215         1765474454   3924807484   1077000      0            
1010         1765474454   3924807495   0            0            
2021         1765474454   3924809588   13596        27567824     
1018         1765474455   3925016594   14           0            
1217         1765474455   3925016605   31           0            
1218         1765474455   3925016606   0            0            
1007         1765474455   3925016609   0            0            
2021         1765474455   3925069231   28           27567776     
1008         1765474455   3925312298   0            0            
1009         1765474455   3925312302   1076500      0            
1215         1765474455   3925312303   1076500      0            
1010         1765474455   3925312314   0            0            
2021         1765474455   3925314451   13596        27567824     
1018         1765474455   3925521500   13           0            
1217         1765474455   3925521512   31           0            
1218         1765474455   3925521513   0            0            
1007         1765474455   3925521515   0            0            
2021         1765474455   3925577405   28           27567776     
1008         1765474455   3925817495   0            0            
1009         1765474455   3925817499   1076000      0            
1215         1765474455   3925817500   1076000      0            
1010         1765474455   3925817511   0            0            
2021         1765474455   3925819549   13596        27567824     
1018         1765474456   3926026738   12           0            
1217         1765474456   3926026750   31           0            
1218         1765474456   3926026750   0            0            
1007         1765474456   3926026753   0            0            
2021         1765474456   3926069740   28           27567776     
1008         1765474456   3926322445   0            0            
1009         1765474456   3926322449   1075500      0            
1215         1765474456   3926322450   1075500      0            
1010         1765474456   3926322461   0            0            
2021         1765474456   3926370284   13596        27567824     
1018         1765474456   3926531774   11           0            
1217         1765474456   3926531786   31           0            
1218         1765474456   3926531786   0            0            
1007         1765474456   3926531789   0            0            
2021         1765474456   3926575120   28           27567776     
1008         1765474456   3926827773   0            0            
1009         1765474456   3926827777   1075000      0            
1215         1765474456   3926827778   1075000      0            
1010         1765474456   3926827789   0            0            
2021         1765474456   3926829896   13596        27567824     
1018         1765474457   3927036720   10           0            
1217         1765474457   3927036731   31           0            
1218         1765474457   3927036732   0            0            
1007         1765474457   3927036735   0            0            
2021         1765474457   3927090903   28           27567776     
1008         1765474457   3927332422   0            0            
1009         1765474457   3927332426   1074500      0            
1215         1765474457   3927332426   1074500      0            
1010         1765474457   3927332437   0            0            
2021         1765474457   3927334342   13596        27567824     
1018         1765474457   3927541741   9            0            
1217         1765474457   3927541752   31           0            
1218         1765474457   3927541753   0            0            
1007         1765474457   3927541756   0            0            
2021         1765474457   3927593688   28           27567776     
1008         1765474457   3927837738   0            0            
1009         1765474457   3927837742   1074000      0            
1215         1765474457   3927837743   1074000      0            
1010         1765474457   3927837754   0            0            
2021         1765474457   3927839808   13596        27567824     
1018         1765474458   3928046810   8            0            
1217         1765474458   3928046821   31           0            
1218         1765474458   3928046822   0            0            
1007         1765474458   3928046825   0            0            
2021         1765474458   3928096004   28           27567776     
1008         1765474458   3928342521   0            0            
1009         1765474458   3928342525   1073500      0            
1215         1765474458   3928342526   1073500      0            
1010         1765474458   3928342537   0            0            
2021         1765474458   3928385493   13596        27567824     
1018         1765474458   3928552012   7            0            
1217         1765474458   3928552024   31           0            
1218         1765474458   3928552025   0            0            
1007         1765474458   3928552027   0            0            
2021         1765474458   3928609121   28           27567776     
1008         1765474458   3928848006   0            0            
1009         1765474458   3928848010   1073000      0            
1215         1765474458   3928848011   1073000      0            
1010         1765474458   3928848022   0            0            
2021         1765474458   3928850154   13596        27567824     
1018         1765474459   3929056959   6            0            
1217         1765474459   3929056971   31           0            
1218         1765474459   3929056971   0            0            
1007         1765474459   3929056974   0            0            
2021         1765474459   3929098240   28           27567776     
1008         1765474459   3929352665   0            0            
1009         1765474459   3929352669   1072500      0            
1215         1765474459   3929352670   1072500      0            
1010         1765474459   3929352681   0            0            
2021         1765474459   3929354763   13596        27567824     
1018         1765474459   3929562097   5            0            
1217         1765474459   3929562109   31           0            
1218         1765474459   3929562110   0            0            
1007         1765474459   3929562112   0            0            
2021         1765474459   3929605269   28           27567776     
1008         1765474459   3929858085   0            0            
1009         1765474459   3929858089   1072000      0            
1215         1765474459   3929858089   1072000      0            
1010         1765474459   3929858100   0            0            
2021         1765474459   3929860187   13596        27567824     
1018         1765474460   3930067152   4            0            
1217         1765474460   3930067164   31           0            
1218         1765474460   3930067165   0            0            
1007         1765474460   3930067168   0            0            
2021         1765474460   3930111703   28           27567776     
1008         1765474460   3930362856   0            0            
1009         1765474460   3930362860   1071500      0            
1215         1765474460   3930362860   1071500      0            
1010         1765474460   3930362871   0            0            
2021         1765474460   3930412985   13596        27567824     
1018         1765474460   3930572253   3            0            
1217         1765474460   3930572265   31           0            
1218         1765474460   3930572266   0            0            
1007         1765474460   3930572268   0            0            
2021         1765474460   3930615944   28           27567776     
1008         1765474460   3930868246   0            0            
1009         1765474460   3930868250   1071000      0            
1215         1765474460   3930868251   1071000      0            
1010         1765474460   3930868262   0            0            
2021         1765474460   3930870344   13596        27567824     
1018         1765474461   3931077281   2            0            
1217         1765474461   3931077293   31           0            
1218         1765474461   3931077294   0            0            
1007         1765474461   3931077296   0            0            
2021         1765474461   3931125103   28           27567776     
1008         1765474461   3931372990   0            0            
1009         1765474461   3931372994   1070500      0            
1215         1765474461   3931372995   1070500      0            
1010         1765474461   3931373006   0            0            
2021         1765474461   3931374907   13596        27567824     
1018         1765474461   3931582159   1            0            
1217         1765474461   3931582171   31           0            
1218         1765474461   3931582171   0            0            
1007         1765474461   3931582174   0            0            
2021         1765474461   3931631010   28           27567776     
1008         1765474461   3931878158   0            0            
1009         1765474461   3931878162   1070000      0            
1215         1765474461   3931878163   1070000      0            
1010         1765474461   3931878174   0            0            
2021         1765474462   3931928577   13596        27567824     
1018         1765474462   3932087224   0            0            
1217         1765474462   3932087236   31           0            
1218         1765474462   3932087236   0            0            
1007         1765474462   3932087239   0            0            
2021         1765474462   3932131086   28           27567776     
1008         1765474462   3932382930   0            0            
1010         1765474462   3932382935   0            0            
2021         1765474462   3932384989   13596        27567824     
50001        1            1436502      0            0            
50002        1764777195   3996673270   4875         0            
50003        1            1436503      0            0            
50004        1            1436503      0            0            
