12           1765474801   4273753935   100794379    0            
15           1765474801   4273753935   1000000      0            
2021         1765474801   4273754729   24           27567776     
2021         1765474801   4273757495   25880        27567808     
2100         1765474801   4273757530   1            17039424     
2107         1765474801   4274125489   1            17039424     
2007         1765474801   4274239526   1765474801   0            
15           1765474801   4274239526   1000000      0            
2021         1765474801   4274240099   20           27567776     
1012         1765474801   4274250026   4294967295   1130000      
2001         1765474801   4274250027   1070000      1130000      
2002         1765474801   4274250027   500          0            
2003         1765474801   4274250028   4294967295   0            
2004         1765474801   4274250029   1            0            
1000         1765474801   4274250035   0            0            
1205         1765474801   4274250039   33700        0            
1217         1765474801   4274250158   31           0            
1218         1765474801   4274250159   0            0            
1203         1765474801   4274289155   4294966658   988          
1201         1765474801   4274289156   10           0            
2021         1765474801   4274300768   28           27567776     
1203         1765474801   4274375542   4294966658   988          
1013         1765474801   4274375543   0            0            
1014         1765474802   4275420256   0            0            
1203         1765474802   4275460455   4294966657   1000         
1125         1765474802   4275460456   23           0            
1117         1765474802   4275460606   3125         0            
1118         1765474802   4275479816   3571         0            
1119         1765474802   4275501494   0            0            
1120         1765474802   4275531149   4294939896   4294964235   
1121         1765474802   4275560803   0            0            
1122         1765474802   4275590430   4294939896   4294964235   
1124         1765474802   4275590432   0            0            
1123         1765474802   4275874801   0            0            
1100         1765474802   4275936730   28908        0            
1101         1765474802   4275936731   0            22415        
1115         1765474802   4275936731   633332       3007348452   
1116         1765474802   4275936732   28           1094342750   
1203         1765474802   4275975818   4294966658   994          
1201         1765474802   4275975819   10           0            
1204         1765474803   4277062410   11537        10           
1202         1765474803   4277062411   11537        0            
1203         1765474803   4277160157   4294966656   1000         
1125         1765474803   4277160158   23           0            
1126         1765474803   4277160159   0            0            
1126         1765474803   4277160159   1            0            
1108         1765474803   4277160160   104          0            
1217         1765474803   4277160164   31           0            
1218         1765474803   4277160165   0            0            
1215         1765474803   4277160168   1130000      1            
1217         1765474803   4277211227   31           0            
1218         1765474803   4277211228   0            0            
1001         1765474803   4277211230   1            0            
1002         1765474804   4277507347   0            0            
2021         1765474804   4277510180   13592        27567824     
1018         1765474804   4277541954   120          0            
1003         1765474804   4277541955   0            0            
1201         1765474804   4277541956   10           0            
2021         1765474804   4277599812   28           27567776     
1203         1765474804   4277628385   4294966657   993          
1013         1765474804   4277628385   0            0            
1014         1765474805   4278652580   0            0            
1203         1765474805   4278692776   4294966656   1000         
1125         1765474805   4278692777   23           0            
1117         1765474805   4278692926   3125         0            
1118         1765474805   4278712142   3572         0            
1119         1765474805   4278734254   0            0            
1120         1765474805   4278763909   4294939896   4294964235   
1121         1765474805   4278793562   0            0            
1122         1765474805   4278823199   4294939896   4294964235   
1123         1765474805   4278823201   0            0            
1100         1765474805   4278885141   28924        0            
1101         1765474805   4278885142   0            22237        
1115         1765474805   4278885143   635621       2530055354   
1116         1765474805   4278885143   28           2506270904   
1203         1765474805   4278924157   4294966656   992          
1201         1765474805   4278924157   10           0            
1204         1765474806   4280042214   11530        10           
1202         1765474806   4280042215   11530        0            
1203         1765474806   4280138806   4294966656   999          
1125         1765474806   4280138807   23           0            
1124         1765474806   4280138808   1            0            
1215         1765474807   4280420256   1130000      0            
1217         1765474807   4280466383   31           0            
1218         1765474807   4280466383   0            0            
1007         1765474807   4280466386   0            0            
1008         1765474807   4280762205   0            0            
1009         1765474807   4280762209   1129500      0            
1215         1765474807   4280762210   1129500      0            
1010         1765474807   4280762221   0            0            
2021         1765474807   4280764332   13596        27567824     
1018         1765474807   4280825017   119          0            
1217         1765474807   4280825029   31           0            
1218         1765474807   4280825030   0            0            
1007         1765474807   4280825032   0            0            
2021         1765474807   4280876105   28           27567776     
1008         1765474807   4281120722   0            0            
1009         1765474807   4281120726   1129000      0            
1215         1765474807   4281120727   1129000      0            
1010         1765474807   4281120738   0            0            
2021         1765474807   4281122902   13596        27567824     
1018         1765474808   4281329912   118          0            
1217         1765474808   4281329924   31           0            
1218         1765474808   4281329924   0            0            
1007         1765474808   4281329927   0            0            
2021         1765474808   4281373430   28           27567776     
1008         1765474808   4281625613   0            0            
1009         1765474808   4281625617   1128500      0            
1215         1765474808   4281625618   1128500      0            
1010         1765474808   4281625629   0            0            
2021         1765474808   4281627818   13596        27567824     
1018         1765474808   4281834919   117          0            
1217         1765474808   4281834931   31           0            
1218         1765474808   4281834932   0            0            
1007         1765474808   4281834934   0            0            
2021         1765474808   4281968059   28           27567776     
1008         1765474808   4282130621   0            0            
1009         1765474808   4282130625   1128000      0            
1215         1765474808   4282130626   1128000      0            
1010         1765474808   4282130637   0            0            
2021         1765474808   4282132670   13596        27567824     
1018         1765474809   4282339935   116          0            
1217         1765474809   4282339947   31           0            
1218         1765474809   4282339947   0            0            
1007         1765474809   4282339950   0            0            
2021         1765474809   4282467746   28           27567776     
1008         1765474809   4282635638   0            0            
1009         1765474809   4282635643   1127500      0            
1215         1765474809   4282635643   1127500      0            
1010         1765474809   4282635654   0            0            
2021         1765474809   4282637786   13596        27567824     
1018         1765474809   4282845028   115          0            
1217         1765474809   4282845040   31           0            
1218         1765474809   4282845041   0            0            
1007         1765474809   4282845043   0            0            
2021         1765474809   4283080555   28           27567776     
1008         1765474809   4283140732   0            0            
1009         1765474809   4283140736   1127000      0            
1215         1765474809   4283140736   1127000      0            
1010         1765474809   4283140747   0            0            
2021         1765474809   4283186046   13596        27567824     
1018         1765474810   4283350055   114          0            
1217         1765474810   4283350066   31           0            
1218         1765474810   4283350067   0            0            
1007         1765474810   4283350070   0            0            
2021         1765474810   4283487325   28           27567776     
1008         1765474810   4283645754   0            0            
1009         1765474810   4283645758   1126500      0            
1215         1765474810   4283645759   1126500      0            
1010         1765474810   4283645770   0            0            
2021         1765474810   4283889004   13596        27567824     
1018         1765474810   4284107645   113          0            
1217         1765474810   4284107657   31           0            
1218         1765474810   4284107658   0            0            
1007         1765474810   4284107660   0            0            
2021         1765474810   4284291892   28           27567776     
1008         1765474811   4284403642   0            0            
1009         1765474811   4284403646   1126000      0            
1215         1765474811   4284403646   1126000      0            
1010         1765474811   4284403658   0            0            
2021         1765474811   4284405822   13596        27567824     
1018         1765474811   4284612690   112          0            
1217         1765474811   4284612702   31           0            
1218         1765474811   4284612702   0            0            
1007         1765474811   4284612705   0            0            
2021         1765474811   4284702826   28           27567776     
1008         1765474811   4284908390   0            0            
1009         1765474811   4284908394   1125500      0            
1215         1765474811   4284908395   1125500      0            
1010         1765474811   4284908406   0            0            
2021         1765474811   4284910539   13596        27567824     
1018         1765474811   4285117771   111          0            
1217         1765474811   4285117783   31           0            
1218         1765474811   4285117783   0            0            
1007         1765474811   4285117786   0            0            
2021         1765474811   4285207562   28           27567776     
1008         1765474812   4285413758   0            0            
1009         1765474812   4285413762   1125000      0            
1215         1765474812   4285413763   1125000      0            
1010         1765474812   4285413774   0            0            
2021         1765474812   4285415907   13596        27567824     
1018         1765474812   4285622690   110          0            
1217         1765474812   4285622702   31           0            
1218         1765474812   4285622702   0            0            
1007         1765474812   4285622705   0            0            
2021         1765474812   4285809186   28           27567776     
1008         1765474812   4285918398   0            0            
1009         1765474812   4285918402   1124500      0            
1215         1765474812   4285918402   1124500      0            
1010         1765474812   4285918414   0            0            
2021         1765474812   4285920589   13596        27567824     
1018         1765474812   4286127794   109          0            
1217         1765474812   4286127806   31           0            
1218         1765474812   4286127807   0            0            
1007         1765474812   4286127809   0            0            
2021         1765474812   4286218103   28           27567776     
1008         1765474813   4286423785   0            0            
1009         1765474813   4286423789   1124000      0            
1215         1765474813   4286423790   1124000      0            
1010         1765474813   4286423801   0            0            
2021         1765474813   4286425986   13596        27567824     
1018         1765474813   4286632873   108          0            
1217         1765474813   4286632885   31           0            
1218         1765474813   4286632885   0            0            
1007         1765474813   4286632888   0            0            
2021         1765474813   4286809541   28           27567776     
1008         1765474813   4286928578   0            0            
1009         1765474813   4286928582   1123500      0            
1215         1765474813   4286928583   1123500      0            
1010         1765474813   4286928594   0            0            
2021         1765474813   4286930701   13596        27567824     
1018         1765474813   4287137945   107          0            
1217         1765474813   4287137957   31           0            
1218         1765474813   4287137957   0            0            
1007         1765474813   4287137960   0            0            
2021         1765474813   4287213460   28           27567776     
1008         1765474814   4287433941   0            0            
1009         1765474814   4287433945   1123000      0            
1215         1765474814   4287433946   1123000      0            
1010         1765474814   4287433957   0            0            
2021         1765474814   4287436039   13596        27567824     
1018         1765474814   4287642979   106          0            
1217         1765474814   4287642991   31           0            
1218         1765474814   4287642992   0            0            
1007         1765474814   4287642994   0            0            
2021         1765474814   4287827227   28           27567776     
1008         1765474814   4287938682   0            0            
1009         1765474814   4287938687   1122500      0            
1215         1765474814   4287938687   1122500      0            
1010         1765474814   4287938698   0            0            
2021         1765474814   4287940710   13596        27567824     
1018         1765474814   4288147996   105          0            
1217         1765474814   4288148008   31           0            
1218         1765474814   4288148009   0            0            
1007         1765474814   4288148011   0            0            
2021         1765474814   4288323975   28           27567776     
1008         1765474815   4288443994   0            0            
1009         1765474815   4288443998   1122000      0            
1215         1765474815   4288443999   1122000      0            
1010         1765474815   4288444010   0            0            
2021         1765474815   4288446091   13596        27567824     
1018         1765474815   4288653096   104          0            
1217         1765474815   4288653108   31           0            
1218         1765474815   4288653108   0            0            
1007         1765474815   4288653111   0            0            
2021         1765474815   4288711583   28           27567776     
1008         1765474815   4288948800   0            0            
1009         1765474815   4288948804   1121500      0            
1215         1765474815   4288948805   1121500      0            
1010         1765474815   4288948816   0            0            
2021         1765474815   4288950870   13596        27567824     
1018         1765474815   4289157991   103          0            
1217         1765474815   4289158002   31           0            
1218         1765474815   4289158003   0            0            
1007         1765474815   4289158006   0            0            
2021         1765474815   4289203231   28           27567776     
1008         1765474816   4289453992   0            0            
1009         1765474816   4289453996   1121000      0            
1215         1765474816   4289453997   1121000      0            
1010         1765474816   4289454008   0            0            
2021         1765474816   4289456071   13596        27567824     
1018         1765474816   4289663098   102          0            
1217         1765474816   4289663110   31           0            
1218         1765474816   4289663110   0            0            
1007         1765474816   4289663113   0            0            
2021         1765474816   4289721067   28           27567776     
1008         1765474816   4289958803   0            0            
1009         1765474816   4289958807   1120500      0            
1215         1765474816   4289958808   1120500      0            
1010         1765474816   4289958819   0            0            
2021         1765474816   4289960832   13596        27567824     
1018         1765474816   4290168194   101          0            
1217         1765474816   4290168206   31           0            
1218         1765474816   4290168206   0            0            
1007         1765474816   4290168209   0            0            
2021         1765474816   4290213086   28           27567776     
1008         1765474817   4290464188   0            0            
1009         1765474817   4290464193   1120000      0            
1215         1765474817   4290464193   1120000      0            
1010         1765474817   4290464204   0            0            
2021         1765474817   4290466312   13596        27567824     
1018         1765474817   4290673224   100          0            
1217         1765474817   4290673236   31           0            
1218         1765474817   4290673237   0            0            
1007         1765474817   4290673240   0            0            
2021         1765474817   4290727065   28           27567776     
1008         1765474817   4290968925   0            0            
1009         1765474817   4290968929   1119500      0            
1215         1765474817   4290968930   1119500      0            
1010         1765474817   4290968941   0            0            
2021         1765474817   4290970971   13596        27567824     
1018         1765474817   4291178286   99           0            
1217         1765474817   4291178298   31           0            
1218         1765474817   4291178298   0            0            
1007         1765474817   4291178301   0            0            
2021         1765474817   4291223697   28           27567776     
1008         1765474818   4291474280   0            0            
1009         1765474818   4291474284   1119000      0            
1215         1765474818   4291474285   1119000      0            
1010         1765474818   4291474296   0            0            
2021         1765474818   4291526475   13596        27567824     
1018         1765474818   4291683410   98           0            
1217         1765474818   4291683422   31           0            
1218         1765474818   4291683423   0            0            
1007         1765474818   4291683425   0            0            
2021         1765474818   4291728819   28           27567776     
1008         1765474818   4291979116   0            0            
1009         1765474818   4291979120   1118500      0            
1215         1765474818   4291979120   1118500      0            
1010         1765474818   4291979131   0            0            
2021         1765474818   4291981292   13596        27567824     
1018         1765474818   4292188463   97           0            
1217         1765474818   4292188475   31           0            
1218         1765474818   4292188475   0            0            
1007         1765474818   4292188478   0            0            
2021         1765474818   4292233185   28           27567776     
1008         1765474819   4292484457   0            0            
1009         1765474819   4292484461   1118000      0            
1215         1765474819   4292484462   1118000      0            
1010         1765474819   4292484473   0            0            
2021         1765474819   4292486630   13596        27567824     
1018         1765474819   4292693535   96           0            
1217         1765474819   4292693547   31           0            
1218         1765474819   4292693547   0            0            
1007         1765474819   4292693550   0            0            
2021         1765474819   4292739634   28           27567776     
1008         1765474819   4292989237   0            0            
1009         1765474819   4292989241   1117500      0            
1215         1765474819   4292989242   1117500      0            
1010         1765474819   4292989253   0            0            
2021         1765474819   4292991366   13596        27567824     
1018         1765474819   4293198589   95           0            
1217         1765474819   4293198601   31           0            
1218         1765474819   4293198602   0            0            
1007         1765474819   4293198604   0            0            
2021         1765474819   4293247440   28           27567776     
1008         1765474820   4293494580   0            0            
1009         1765474820   4293494584   1117000      0            
1215         1765474820   4293494585   1117000      0            
1010         1765474820   4293494596   0            0            
2021         1765474820   4293496684   13596        27567824     
1018         1765474820   4293703557   94           0            
1217         1765474820   4293703569   31           0            
1218         1765474820   4293703570   0            0            
1007         1765474820   4293703573   0            0            
2021         1765474820   4293753958   28           27567776     
1008         1765474820   4293999261   0            0            
1009         1765474820   4293999265   1116500      0            
1215         1765474820   4293999266   1116500      0            
1010         1765474820   4293999277   0            0            
2021         1765474820   4294001329   13596        27567824     
1018         1765474820   4294208689   93           0            
1217         1765474820   4294208701   31           0            
1218         1765474820   4294208701   0            0            
1007         1765474820   4294208704   0            0            
2021         1765474820   4294262357   28           27567776     
1008         1765474821   4294504680   0            0            
1009         1765474821   4294504684   1116000      0            
1215         1765474821   4294504685   1116000      0            
1010         1765474821   4294504695   0            0            
2021         1765474821   4294506776   13596        27567824     
1018         1765474821   4294713703   92           0            
1217         1765474821   4294713715   31           0            
1218         1765474821   4294713715   0            0            
1007         1765474821   4294713718   0            0            
2021         1765474821   4294768058   28           27567776     
1008         1765474821   42109        0            0            
1009         1765474821   42113        1115500      0            
1215         1765474821   42114        1115500      0            
1010         1765474821   42125        0            0            
2021         1765474821   44272        13596        27567824     
1018         1765474821   251470       91           0            
1217         1765474821   251482       31           0            
1218         1765474821   251482       0            0            
1007         1765474821   251485       0            0            
2021         1765474821   297054       28           27567776     
1008         1765474822   547460       0            0            
1009         1765474822   547464       1115000      0            
1215         1765474822   547465       1115000      0            
1010         1765474822   547476       0            0            
2021         1765474822   549596       13596        27567824     
1018         1765474822   756571       90           0            
1217         1765474822   756583       31           0            
1218         1765474822   756584       0            0            
1007         1765474822   756587       0            0            
2021         1765474822   800776       28           27567776     
1008         1765474822   1052276      0            0            
1009         1765474822   1052280      1114500      0            
1215         1765474822   1052281      1114500      0            
1010         1765474822   1052292      0            0            
2021         1765474822   1054399      13596        27567824     
1018         1765474822   1261520      89           0            
1217         1765474822   1261531      31           0            
1218         1765474822   1261532      0            0            
1007         1765474822   1261535      0            0            
2021         1765474822   1307273      28           27567776     
1008         1765474823   1557510      0            0            
1009         1765474823   1557514      1114000      0            
1215         1765474823   1557515      1114000      0            
1010         1765474823   1557526      0            0            
2021         1765474823   1607577      13596        27567824     
1018         1765474823   1766662      88           0            
1217         1765474823   1766674      31           0            
1218         1765474823   1766674      0            0            
1007         1765474823   1766677      0            0            
2021         1765474823   1811557      28           27567776     
1008         1765474823   2062363      0            0            
1009         1765474823   2062367      1113500      0            
1215         1765474823   2062368      1113500      0            
1010         1765474823   2062379      0            0            
2021         1765474823   2064486      13596        27567824     
1018         1765474823   2271450      87           0            
1217         1765474823   2271462      31           0            
1218         1765474823   2271462      0            0            
1007         1765474823   2271465      0            0            
2021         1765474823   2319785      28           27567776     
1008         1765474824   2567452      0            0            
1009         1765474824   2567456      1113000      0            
1215         1765474824   2567457      1113000      0            
1010         1765474824   2567468      0            0            
2021         1765474824   2569585      13596        27567824     
1018         1765474824   2776714      86           0            
1217         1765474824   2776726      31           0            
1218         1765474824   2776727      0            0            
1007         1765474824   2776729      0            0            
2021         1765474824   2830724      28           27567776     
1008         1765474824   3072412      0            0            
1009         1765474824   3072416      1112500      0            
1215         1765474824   3072417      1112500      0            
1010         1765474824   3072427      0            0            
2021         1765474824   3074415      13596        27567824     
1018         1765474824   3281741      85           0            
1217         1765474824   3281753      31           0            
1218         1765474824   3281753      0            0            
1007         1765474824   3281756      0            0            
2021         1765474824   3322163      28           27567776     
1008         1765474825   3577729      0            0            
1009         1765474825   3577733      1112000      0            
1215         1765474825   3577734      1112000      0            
1010         1765474825   3577745      0            0            
2021         1765474825   3579876      13596        27567824     
1018         1765474825   3786853      84           0            
1217         1765474825   3786865      31           0            
1218         1765474825   3786865      0            0            
1007         1765474825   3786868      0            0            
2021         1765474825   3832264      28           27567776     
1008         1765474825   4082553      0            0            
1009         1765474825   4082557      1111500      0            
1215         1765474825   4082558      1111500      0            
1010         1765474825   4082568      0            0            
2021         1765474825   4084599      13596        27567824     
1018         1765474825   4291877      83           0            
1217         1765474825   4291888      31           0            
1218         1765474825   4291889      0            0            
1007         1765474825   4291892      0            0            
2021         1765474825   4337804      28           27567776     
1008         1765474826   4587867      0            0            
1009         1765474826   4587871      1111000      0            
1215         1765474826   4587872      1111000      0            
1010         1765474826   4587883      0            0            
2021         1765474826   4589939      13596        27567824     
1018         1765474826   4796903      82           0            
1217         1765474826   4796915      31           0            
1218         1765474826   4796916      0            0            
1007         1765474826   4796918      0            0            
2021         1765474826   4846444      28           27567776     
1008         1765474826   5092609      0            0            
1009         1765474826   5092613      1110500      0            
1215         1765474826   5092614      1110500      0            
1010         1765474826   5092625      0            0            
2021         1765474826   5094653      13596        27567824     
1018         1765474826   5301963      81           0            
1217         1765474826   5301975      31           0            
1218         1765474826   5301975      0            0            
1007         1765474826   5301978      0            0            
2021         1765474826   5353395      28           27567776     
1008         1765474827   5597954      0            0            
1009         1765474827   5597959      1110000      0            
1215         1765474827   5597959      1110000      0            
1010         1765474827   5597970      0            0            
2021         1765474827   5600028      13596        27567824     
1018         1765474827   5807015      80           0            
1217         1765474827   5807027      31           0            
1218         1765474827   5807028      0            0            
1007         1765474827   5807030      0            0            
2021         1765474827   5861888      28           27567776     
1008         1765474827   6102715      0            0            
1009         1765474827   6102719      1109500      0            
1215         1765474827   6102720      1109500      0            
1010         1765474827   6102731      0            0            
2021         1765474827   6104847      13596        27567824     
1018         1765474827   6311951      79           0            
1217         1765474827   6311963      31           0            
1218         1765474827   6311964      0            0            
1007         1765474827   6311966      0            0            
2021         1765474827   6364244      28           27567776     
1008         1765474828   6607948      0            0            
1009         1765474828   6607952      1109000      0            
1215         1765474828   6607953      1109000      0            
1010         1765474828   6607964      0            0            
2021         1765474828   6610072      13596        27567824     
1018         1765474828   6817065      78           0            
1217         1765474828   6817077      31           0            
1218         1765474828   6817078      0            0            
1007         1765474828   6817081      0            0            
2021         1765474828   6871424      28           27567776     
1008         1765474828   7112772      0            0            
1009         1765474828   7112776      1108500      0            
1215         1765474828   7112777      1108500      0            
1010         1765474828   7112788      0            0            
2021         1765474828   7114845      13596        27567824     
1018         1765474828   7322199      77           0            
1217         1765474828   7322211      31           0            
1218         1765474828   7322212      0            0            
1007         1765474828   7322214      0            0            
2021         1765474828   7375697      28           27567776     
1008         1765474829   7618196      0            0            
1009         1765474829   7618200      1108000      0            
1215         1765474829   7618200      1108000      0            
1010         1765474829   7618211      0            0            
2021         1765474829   7620395      13596        27567824     
1018         1765474829   7827198      76           0            
1217         1765474829   7827210      31           0            
1218         1765474829   7827210      0            0            
1007         1765474829   7827213      0            0            
2021         1765474829   7879666      28           27567776     
1008         1765474829   8122906      0            0            
1009         1765474829   8122911      1107500      0            
1215         1765474829   8122911      1107500      0            
1010         1765474829   8122922      0            0            
2021         1765474829   8124984      13596        27567824     
1018         1765474829   8332227      75           0            
1217         1765474829   8332239      31           0            
1218         1765474829   8332239      0            0            
1007         1765474829   8332242      0            0            
2021         1765474829   8384692      28           27567776     
1008         1765474830   8628225      0            0            
1009         1765474830   8628229      1107000      0            
1215         1765474830   8628230      1107000      0            
1010         1765474830   8628241      0            0            
2021         1765474830   8685969      13596        27567824     
1018         1765474830   8837380      74           0            
1217         1765474830   8837391      31           0            
1218         1765474830   8837392      0            0            
1007         1765474830   8837395      0            0            
2021         1765474830   8890361      28           27567776     
1008         1765474830   9133081      0            0            
1009         1765474830   9133085      1106500      0            
1215         1765474830   9133086      1106500      0            
1010         1765474830   9133097      0            0            
2021         1765474830   9135185      13596        27567824     
1018         1765474830   9342350      73           0            
1217         1765474830   9342362      31           0            
1218         1765474830   9342362      0            0            
1007         1765474830   9342365      0            0            
2021         1765474830   9393783      28           27567776     
1008         1765474831   9638344      0            0            
1009         1765474831   9638348      1106000      0            
1215         1765474831   9638349      1106000      0            
1010         1765474831   9638359      0            0            
2021         1765474831   9640439      13596        27567824     
1018         1765474831   9847391      72           0            
1217         1765474831   9847403      31           0            
1218         1765474831   9847403      0            0            
1007         1765474831   9847406      0            0            
2021         1765474831   9897105      28           27567776     
1008         1765474831   10143094     0            0            
1009         1765474831   10143099     1105500      0            
1215         1765474831   10143099     1105500      0            
1010         1765474831   10143110     0            0            
2021         1765474831   10145195     13596        27567824     
1018         1765474831   10352403     71           0            
1217         1765474831   10352415     31           0            
1218         1765474831   10352415     0            0            
1007         1765474831   10352418     0            0            
2021         1765474831   10393858     28           27567776     
1008         1765474832   10648397     0            0            
1009         1765474832   10648402     1105000      0            
1215         1765474832   10648402     1105000      0            
1010         1765474832   10648413     0            0            
2021         1765474832   10650460     13596        27567824     
1018         1765474832   10857526     70           0            
1217         1765474832   10857538     31           0            
1218         1765474832   10857539     0            0            
1007         1765474832   10857542     0            0            
2021         1765474832   10898293     28           27567776     
1008         1765474832   11153228     0            0            
1009         1765474832   11153232     1104500      0            
1215         1765474832   11153233     1104500      0            
1010         1765474832   11153244     0            0            
2021         1765474832   11155323     13596        27567824     
1018         1765474832   11362518     69           0            
1217         1765474832   11362530     31           0            
1218         1765474832   11362530     0            0            
1007         1765474832   11362533     0            0            
2021         1765474832   11409135     28           27567776     
1008         1765474833   11658516     0            0            
1009         1765474833   11658520     1104000      0            
1215         1765474833   11658520     1104000      0            
1010         1765474833   11658531     0            0            
2021         1765474833   11660670     13596        27567824     
1018         1765474833   11867673     68           0            
1217         1765474833   11867685     31           0            
1218         1765474833   11867685     0            0            
1007         1765474833   11867688     0            0            
2021         1765474833   11913256     28           27567776     
1008         1765474833   12163378     0            0            
1009         1765474833   12163383     1103500      0            
1215         1765474833   12163383     1103500      0            
1010         1765474833   12163394     0            0            
2021         1765474833   12165527     13596        27567824     
1018         1765474833   12372649     67           0            
1217         1765474833   12372661     31           0            
1218         1765474833   12372662     0            0            
1007         1765474833   12372664     0            0            
2021         1765474833   12419436     28           27567776     
1008         1765474834   12668641     0            0            
1009         1765474834   12668645     1103000      0            
1215         1765474834   12668646     1103000      0            
1010         1765474834   12668657     0            0            
2021         1765474834   12670665     13596        27567824     
1018         1765474834   12877681     66           0            
1217         1765474834   12877693     31           0            
1218         1765474834   12877693     0            0            
1007         1765474834   12877696     0            0            
2021         1765474834   12924813     28           27567776     
1008         1765474834   13173380     0            0            
1009         1765474834   13173385     1102500      0            
1215         1765474834   13173385     1102500      0            
1010         1765474834   13173396     0            0            
2021         1765474834   13175740     13596        27567824     
1018         1765474834   13382745     65           0            
1217         1765474834   13382757     31           0            
1218         1765474834   13382757     0            0            
1007         1765474834   13382760     0            0            
2021         1765474834   13436414     28           27567776     
1008         1765474835   13678734     0            0            
1009         1765474835   13678738     1102000      0            
1215         1765474835   13678739     1102000      0            
1010         1765474835   13678750     0            0            
2021         1765474835   13680839     13596        27567824     
1018         1765474835   13887823     64           0            
1217         1765474835   13887834     31           0            
1218         1765474835   13887835     0            0            
1007         1765474835   13887838     0            0            
2021         1765474835   13934440     28           27567776     
1008         1765474835   14183530     0            0            
1009         1765474835   14183534     1101500      0            
1215         1765474835   14183535     1101500      0            
1010         1765474835   14183546     0            0            
2021         1765474835   14185628     13596        27567824     
1018         1765474835   14392851     63           0            
1217         1765474835   14392863     31           0            
1218         1765474835   14392863     0            0            
1007         1765474835   14392866     0            0            
2021         1765474835   14436371     28           27567776     
1008         1765474836   14688841     0            0            
1009         1765474836   14688846     1101000      0            
1215         1765474836   14688846     1101000      0            
1010         1765474836   14688857     0            0            
2021         1765474836   14691043     13596        27567824     
1018         1765474836   14897911     62           0            
1217         1765474836   14897923     31           0            
1218         1765474836   14897923     0            0            
1007         1765474836   14897926     0            0            
2021         1765474836   14946763     28           27567776     
1008         1765474836   15193617     0            0            
1009         1765474836   15193621     1100500      0            
1215         1765474836   15193622     1100500      0            
1010         1765474836   15193633     0            0            
2021         1765474836   15195690     13596        27567824     
1018         1765474836   15402915     61           0            
1217         1765474836   15402927     31           0            
1218         1765474836   15402927     0            0            
1007         1765474836   15402930     0            0            
2021         1765474836   15454864     28           27567776     
1008         1765474837   15698910     0            0            
1009         1765474837   15698914     1100000      0            
1215         1765474837   15698915     1100000      0            
1010         1765474837   15698926     0            0            
2021         1765474837   15701008     13596        27567824     
1018         1765474837   15907999     60           0            
1217         1765474837   15908011     31           0            
1218         1765474837   15908011     0            0            
1007         1765474837   15908014     0            0            
2021         1765474837   15957022     28           27567776     
1008         1765474837   16203698     0            0            
1009         1765474837   16203702     1099500      0            
1215         1765474837   16203703     1099500      0            
1010         1765474837   16203714     0            0            
2021         1765474837   16205792     13596        27567824     
1018         1765474837   16413100     59           0            
1217         1765474837   16413112     31           0            
1218         1765474837   16413113     0            0            
1007         1765474837   16413115     0            0            
2021         1765474837   16455934     28           27567776     
1008         1765474838   16709092     0            0            
1009         1765474838   16709096     1099000      0            
1215         1765474838   16709097     1099000      0            
1010         1765474838   16709107     0            0            
2021         1765474838   16711240     13596        27567824     
1018         1765474838   16918181     58           0            
1217         1765474838   16918193     31           0            
1218         1765474838   16918194     0            0            
1007         1765474838   16918196     0            0            
2021         1765474838   16960841     28           27567776     
1008         1765474838   17213885     0            0            
1009         1765474838   17213890     1098500      0            
1215         1765474838   17213890     1098500      0            
1010         1765474838   17213901     0            0            
2021         1765474838   17215980     13596        27567824     
1018         1765474838   17423098     57           0            
1217         1765474838   17423110     31           0            
1218         1765474838   17423110     0            0            
1007         1765474838   17423113     0            0            
2021         1765474838   17468336     28           27567776     
1008         1765474839   17719089     0            0            
1009         1765474839   17719094     1098000      0            
1215         1765474839   17719094     1098000      0            
1010         1765474839   17719105     0            0            
2021         1765474839   17721264     13596        27567824     
1018         1765474839   17928221     56           0            
1217         1765474839   17928233     31           0            
1218         1765474839   17928234     0            0            
1007         1765474839   17928236     0            0            
2021         1765474839   17977418     28           27567776     
1008         1765474839   18223923     0            0            
1009         1765474839   18223927     1097500      0            
1215         1765474839   18223928     1097500      0            
1010         1765474839   18223939     0            0            
2021         1765474839   18226049     13596        27567824     
1018         1765474839   18433232     55           0            
1217         1765474839   18433243     31           0            
1218         1765474839   18433244     0            0            
1007         1765474839   18433247     0            0            
2021         1765474839   18484492     28           27567776     
1008         1765474840   18729220     0            0            
1009         1765474840   18729224     1097000      0            
1215         1765474840   18729225     1097000      0            
1010         1765474840   18729236     0            0            
2021         1765474840   18731422     13596        27567824     
1018         1765474840   18938313     54           0            
1217         1765474840   18938325     31           0            
1218         1765474840   18938326     0            0            
1007         1765474840   18938328     0            0            
2021         1765474840   18995080     28           27567776     
1008         1765474840   19234021     0            0            
1009         1765474840   19234025     1096500      0            
1215         1765474840   19234026     1096500      0            
1010         1765474840   19234037     0            0            
2021         1765474840   19236122     13596        27567824     
1018         1765474840   19443352     53           0            
1217         1765474840   19443364     31           0            
1218         1765474840   19443365     0            0            
1007         1765474840   19443367     0            0            
2021         1765474840   19501493     28           27567776     
1008         1765474841   19739337     0            0            
1009         1765474841   19739341     1096000      0            
1215         1765474841   19739342     1096000      0            
1010         1765474841   19739353     0            0            
2021         1765474841   19741511     13596        27567824     
1018         1765474841   19948331     52           0            
1217         1765474841   19948343     31           0            
1218         1765474841   19948344     0            0            
1007         1765474841   19948346     0            0            
2021         1765474841   19990820     28           27567776     
1008         1765474841   20244034     0            0            
1009         1765474841   20244038     1095500      0            
1215         1765474841   20244039     1095500      0            
1010         1765474841   20244050     0            0            
2021         1765474841   20246128     13596        27567824     
1018         1765474841   20453481     51           0            
1217         1765474841   20453492     31           0            
1218         1765474841   20453493     0            0            
1007         1765474841   20453496     0            0            
2021         1765474841   20502678     28           27567776     
1008         1765474842   20749470     0            0            
1009         1765474842   20749474     1095000      0            
1215         1765474842   20749475     1095000      0            
1010         1765474842   20749486     0            0            
2021         1765474842   20792662     13596        27567824     
1018         1765474842   20958558     50           0            
1217         1765474842   20958570     31           0            
1218         1765474842   20958571     0            0            
1007         1765474842   20958573     0            0            
2021         1765474842   21000356     28           27567776     
1008         1765474842   21254261     0            0            
1009         1765474842   21254266     1094500      0            
1215         1765474842   21254266     1094500      0            
1010         1765474842   21254277     0            0            
2021         1765474842   21256255     13596        27567824     
1018         1765474842   21463560     49           0            
1217         1765474842   21463571     31           0            
1218         1765474842   21463572     0            0            
1007         1765474842   21463575     0            0            
2021         1765474842   21521874     28           27567776     
1008         1765474843   21759549     0            0            
1009         1765474843   21759554     1094000      0            
1215         1765474843   21759554     1094000      0            
1010         1765474843   21759565     0            0            
2021         1765474843   21761623     13596        27567824     
1018         1765474843   21968632     48           0            
1217         1765474843   21968644     31           0            
1218         1765474843   21968645     0            0            
1007         1765474843   21968647     0            0            
2021         1765474843   22016109     28           27567776     
1008         1765474843   22264335     0            0            
1009         1765474843   22264340     1093500      0            
1215         1765474843   22264340     1093500      0            
1010         1765474843   22264351     0            0            
2021         1765474843   22266460     13596        27567824     
1018         1765474843   22473646     47           0            
1217         1765474843   22473658     31           0            
1218         1765474843   22473658     0            0            
1007         1765474843   22473661     0            0            
2021         1765474843   22522327     28           27567776     
1008         1765474844   22769644     0            0            
1009         1765474844   22769648     1093000      0            
1215         1765474844   22769649     1093000      0            
1010         1765474844   22769660     0            0            
2021         1765474844   22771822     13596        27567824     
1018         1765474844   22978735     46           0            
1217         1765474844   22978747     31           0            
1218         1765474844   22978748     0            0            
1007         1765474844   22978750     0            0            
2021         1765474844   23029653     28           27567776     
1008         1765474844   23274443     0            0            
1009         1765474844   23274447     1092500      0            
1215         1765474844   23274448     1092500      0            
1010         1765474844   23274459     0            0            
2021         1765474844   23328531     13596        27567824     
1018         1765474844   23483800     45           0            
1217         1765474844   23483812     31           0            
1218         1765474844   23483813     0            0            
1007         1765474844   23483815     0            0            
2021         1765474844   23534545     28           27567776     
1008         1765474845   23779790     0            0            
1009         1765474845   23779794     1092000      0            
1215         1765474845   23779794     1092000      0            
1010         1765474845   23779805     0            0            
2021         1765474845   23781859     13596        27567824     
1018         1765474845   23988848     44           0            
1217         1765474845   23988859     31           0            
1218         1765474845   23988860     0            0            
1007         1765474845   23988863     0            0            
2021         1765474845   24031678     28           27567776     
1008         1765474845   24284549     0            0            
1009         1765474845   24284553     1091500      0            
1215         1765474845   24284554     1091500      0            
1010         1765474845   24284565     0            0            
2021         1765474845   24286627     13596        27567824     
1018         1765474845   24493842     43           0            
1217         1765474845   24493854     31           0            
1218         1765474845   24493854     0            0            
1007         1765474845   24493857     0            0            
2021         1765474845   24543556     28           27567776     
1008         1765474846   24789842     0            0            
1009         1765474846   24789846     1091000      0            
1215         1765474846   24789847     1091000      0            
1010         1765474846   24789858     0            0            
2021         1765474846   24846315     13596        27567824     
1018         1765474846   24998977     42           0            
1217         1765474846   24998988     31           0            
1218         1765474846   24998989     0            0            
1007         1765474846   24998992     0            0            
2021         1765474846   25050925     28           27567776     
1008         1765474846   25294677     0            0            
1009         1765474846   25294681     1090500      0            
1215         1765474846   25294682     1090500      0            
1010         1765474846   25294693     0            0            
2021         1765474846   25296803     13596        27567824     
1018         1765474846   25503975     41           0            
1217         1765474846   25503986     31           0            
1218         1765474846   25503987     0            0            
1007         1765474846   25503990     0            0            
2021         1765474846   25560225     28           27567776     
1008         1765474847   25799967     0            0            
1009         1765474847   25799971     1090000      0            
1215         1765474847   25799972     1090000      0            
1010         1765474847   25799983     0            0            
2021         1765474847   25802114     13596        27567824     
1018         1765474847   26009013     40           0            
1217         1765474847   26009025     31           0            
1218         1765474847   26009026     0            0            
1007         1765474847   26009028     0            0            
2021         1765474847   26052533     28           27567776     
1008         1765474847   26304717     0            0            
1009         1765474847   26304721     1089500      0            
1215         1765474847   26304722     1089500      0            
1010         1765474847   26304733     0            0            
2021         1765474847   26306838     13596        27567824     
1018         1765474847   26514098     39           0            
1217         1765474847   26514110     31           0            
1218         1765474847   26514110     0            0            
1007         1765474847   26514113     0            0            
2021         1765474847   26558477     28           27567776     
1008         1765474848   26810092     0            0            
1009         1765474848   26810096     1089000      0            
1215         1765474848   26810097     1089000      0            
1010         1765474848   26810108     0            0            
2021         1765474848   26812239     13596        27567824     
1018         1765474848   27019137     38           0            
1217         1765474848   27019149     31           0            
1218         1765474848   27019150     0            0            
1007         1765474848   27019152     0            0            
2021         1765474848   27061451     28           27567776     
1008         1765474848   27314833     0            0            
1009         1765474848   27314837     1088500      0            
1215         1765474848   27314837     1088500      0            
1010         1765474848   27314848     0            0            
2021         1765474848   27316903     13596        27567824     
1018         1765474848   27524189     37           0            
1217         1765474848   27524201     31           0            
1218         1765474848   27524202     0            0            
1007         1765474848   27524204     0            0            
2021         1765474848   27567880     28           27567776     
1008         1765474849   27820180     0            0            
1009         1765474849   27820184     1088000      0            
1215         1765474849   27820185     1088000      0            
1010         1765474849   27820196     0            0            
2021         1765474849   27822275     13596        27567824     
1018         1765474849   28029225     36           0            
1217         1765474849   28029237     31           0            
1218         1765474849   28029237     0            0            
1007         1765474849   28029240     0            0            
2021         1765474849   28076357     28           27567776     
1008         1765474849   28324928     0            0            
1009         1765474849   28324932     1087500      0            
1215         1765474849   28324933     1087500      0            
1010         1765474849   28324944     0            0            
2021         1765474849   28327055     13596        27567824     
1018         1765474849   28534237     35           0            
1217         1765474849   28534249     31           0            
1218         1765474849   28534249     0            0            
1007         1765474849   28534252     0            0            
2021         1765474849   28588421     28           27567776     
1008         1765474850   28830231     0            0            
1009         1765474850   28830235     1087000      0            
1215         1765474850   28830236     1087000      0            
1010         1765474850   28830247     0            0            
2021         1765474850   28832355     13596        27567824     
1018         1765474850   29039328     34           0            
1217         1765474850   29039340     31           0            
1218         1765474850   29039341     0            0            
1007         1765474850   29039344     0            0            
2021         1765474850   29094544     28           27567776     
1008         1765474850   29335033     0            0            
1009         1765474850   29335037     1086500      0            
1215         1765474850   29335038     1086500      0            
1010         1765474850   29335049     0            0            
2021         1765474850   29383792     13596        27567824     
1018         1765474850   29544395     33           0            
1217         1765474850   29544407     31           0            
1218         1765474850   29544408     0            0            
1007         1765474850   29544410     0            0            
2021         1765474850   29600645     28           27567776     
1008         1765474851   29840388     0            0            
1009         1765474851   29840393     1086000      0            
1215         1765474851   29840393     1086000      0            
1010         1765474851   29840404     0            0            
2021         1765474851   29890861     13596        27567824     
1018         1765474851   30049421     32           0            
1217         1765474851   30049433     31           0            
1218         1765474851   30049433     0            0            
1007         1765474851   30049436     0            0            
2021         1765474851   30095691     28           27567776     
1008         1765474851   30345120     0            0            
1009         1765474851   30345124     1085500      0            
1215         1765474851   30345124     1085500      0            
1010         1765474851   30345135     0            0            
2021         1765474851   30347216     13596        27567824     
1018         1765474851   30554474     31           0            
1217         1765474851   30554486     31           0            
1218         1765474851   30554486     0            0            
1007         1765474851   30554489     0            0            
2021         1765474851   30599715     28           27567776     
1008         1765474852   30850465     0            0            
1009         1765474852   30850469     1085000      0            
1215         1765474852   30850470     1085000      0            
1010         1765474852   30850481     0            0            
2021         1765474852   30852405     13596        27567824     
1018         1765474852   31059582     30           0            
1217         1765474852   31059594     31           0            
1218         1765474852   31059595     0            0            
1007         1765474852   31059597     0            0            
2021         1765474852   31115831     28           27567776     
1008         1765474852   31355288     0            0            
1009         1765474852   31355292     1084500      0            
1215         1765474852   31355293     1084500      0            
1010         1765474852   31355304     0            0            
2021         1765474852   31357436     13596        27567824     
1018         1765474852   31564615     29           0            
1217         1765474852   31564627     31           0            
1218         1765474852   31564628     0            0            
1007         1765474852   31564631     0            0            
2021         1765474852   31610542     28           27567776     
1008         1765474853   31860600     0            0            
1009         1765474853   31860604     1084000      0            
1215         1765474853   31860605     1084000      0            
1010         1765474853   31860616     0            0            
2021         1765474853   31862670     13596        27567824     
1018         1765474853   32069669     28           0            
1217         1765474853   32069680     31           0            
1218         1765474853   32069681     0            0            
1007         1765474853   32069684     0            0            
2021         1765474853   32119036     28           27567776     
1008         1765474853   32365377     0            0            
1009         1765474853   32365381     1083500      0            
1215         1765474853   32365382     1083500      0            
1010         1765474853   32365393     0            0            
2021         1765474853   32367426     13596        27567824     
1018         1765474853   32574702     27           0            
1217         1765474853   32574714     31           0            
1218         1765474853   32574715     0            0            
1007         1765474853   32574717     0            0            
2021         1765474853   32627164     28           27567776     
1008         1765474854   32870694     0            0            
1009         1765474854   32870698     1083000      0            
1215         1765474854   32870699     1083000      0            
1010         1765474854   32870710     0            0            
2021         1765474854   32872789     13596        27567824     
1018         1765474854   33079721     26           0            
1217         1765474854   33079733     31           0            
1218         1765474854   33079733     0            0            
1007         1765474854   33079736     0            0            
2021         1765474854   33124443     28           27567776     
1008         1765474854   33375419     0            0            
1009         1765474854   33375423     1082500      0            
1215         1765474854   33375424     1082500      0            
1010         1765474854   33375435     0            0            
2021         1765474854   33377540     13596        27567824     
1018         1765474854   33584565     25           0            
1217         1765474854   33584577     31           0            
1218         1765474854   33584577     0            0            
1007         1765474854   33584580     0            0            
2021         1765474854   33628086     28           27567776     
1008         1765474855   33880563     0            0            
1009         1765474855   33880567     1082000      0            
1215         1765474855   33880568     1082000      0            
1010         1765474855   33880578     0            0            
2021         1765474855   33882684     13596        27567824     
1018         1765474855   34089820     24           0            
1217         1765474855   34089832     31           0            
1218         1765474855   34089832     0            0            
1007         1765474855   34089835     0            0            
2021         1765474855   34132140     28           27567776     
1008         1765474855   34385519     0            0            
1009         1765474855   34385523     1081500      0            
1215         1765474855   34385524     1081500      0            
1010         1765474855   34385535     0            0            
2021         1765474855   34387600     13596        27567824     
1018         1765474855   34594881     23           0            
1217         1765474855   34594892     31           0            
1218         1765474855   34594893     0            0            
1007         1765474855   34594896     0            0            
2021         1765474855   34645626     28           27567776     
1008         1765474856   34890869     0            0            
1009         1765474856   34890873     1081000      0            
1215         1765474856   34890874     1081000      0            
1010         1765474856   34890885     0            0            
2021         1765474856   34892995     13596        27567824     
1018         1765474856   35099765     22           0            
1217         1765474856   35099777     31           0            
1218         1765474856   35099778     0            0            
1007         1765474856   35099780     0            0            
2021         1765474856   35151718     28           27567776     
1008         1765474856   35395471     0            0            
1009         1765474856   35395475     1080500      0            
1215         1765474856   35395476     1080500      0            
1010         1765474856   35395487     0            0            
2021         1765474856   35438894     13596        27567824     
1018         1765474856   35604909     21           0            
1217         1765474856   35604921     31           0            
1218         1765474856   35604922     0            0            
1007         1765474856   35604924     0            0            
2021         1765474856   35657894     28           27567776     
1008         1765474857   35900913     0            0            
1009         1765474857   35900917     1080000      0            
1215         1765474857   35900917     1080000      0            
1010         1765474857   35900928     0            0            
2021         1765474857   35902968     13596        27567824     
1018         1765474857   36110036     20           0            
1217         1765474857   36110048     31           0            
1218         1765474857   36110049     0            0            
1007         1765474857   36110052     0            0            
2021         1765474857   36162160     28           27567776     
1008         1765474857   36405741     0            0            
1009         1765474857   36405745     1079500      0            
1215         1765474857   36405746     1079500      0            
1010         1765474857   36405757     0            0            
2021         1765474857   36452188     13596        27567824     
1018         1765474857   36614995     19           0            
1217         1765474857   36615007     31           0            
1218         1765474857   36615007     0            0            
1007         1765474857   36615010     0            0            
2021         1765474857   36657314     28           27567776     
1008         1765474858   36911000     0            0            
1009         1765474858   36911004     1079000      0            
1215         1765474858   36911005     1079000      0            
1010         1765474858   36911016     0            0            
2021         1765474858   36913123     13596        27567824     
1018         1765474858   37120233     18           0            
1217         1765474858   37120244     31           0            
1218         1765474858   37120245     0            0            
1007         1765474858   37120248     0            0            
2021         1765474858   37165820     28           27567776     
1008         1765474858   37415941     0            0            
1009         1765474858   37415945     1078500      0            
1215         1765474858   37415946     1078500      0            
1010         1765474858   37415957     0            0            
2021         1765474858   37418064     13596        27567824     
1018         1765474858   37625198     17           0            
1217         1765474858   37625210     31           0            
1218         1765474858   37625210     0            0            
1007         1765474858   37625213     0            0            
2021         1765474858   37667861     28           27567776     
1008         1765474859   37921192     0            0            
1009         1765474859   37921197     1078000      0            
1215         1765474859   37921197     1078000      0            
1010         1765474859   37921208     0            0            
2021         1765474859   37971240     13596        27567824     
1018         1765474859   38130260     16           0            
1217         1765474859   38130272     31           0            
1218         1765474859   38130273     0            0            
1007         1765474859   38130275     0            0            
2021         1765474859   38174812     28           27567776     
1008         1765474859   38425964     0            0            
1009         1765474859   38425968     1077500      0            
1215         1765474859   38425969     1077500      0            
1010         1765474859   38425980     0            0            
2021         1765474859   38428060     13596        27567824     
1018         1765474859   38635330     15           0            
1217         1765474859   38635342     31           0            
1218         1765474859   38635343     0            0            
1007         1765474859   38635345     0            0            
2021         1765474859   38680745     28           27567776     
1008         1765474860   38931327     0            0            
1009         1765474860   38931331     1077000      0            
1215         1765474860   38931332     1077000      0            
1010         1765474860   38931343     0            0            
2021         1765474860   38933427     13596        27567824     
1018         1765474860   39140360     14           0            
1217         1765474860   39140372     31           0            
1218         1765474860   39140372     0            0            
1007         1765474860   39140375     0            0            
2021         1765474860   39185775     28           27567776     
1008         1765474860   39436068     0            0            
1009         1765474860   39436072     1076500      0            
1215         1765474860   39436073     1076500      0            
1010         1765474860   39436084     0            0            
2021         1765474860   39438139     13596        27567824     
1018         1765474860   39645362     13           0            
1217         1765474860   39645374     31           0            
1218         1765474860   39645375     0            0            
1007         1765474860   39645377     0            0            
2021         1765474860   39692495     28           27567776     
1008         1765474861   39941352     0            0            
1009         1765474861   39941356     1076000      0            
1215         1765474861   39941357     1076000      0            
1010         1765474861   39941368     0            0            
2021         1765474861   39943528     13596        27567824     
1018         1765474861   40150392     12           0            
1217         1765474861   40150404     31           0            
1218         1765474861   40150404     0            0            
1007         1765474861   40150407     0            0            
2021         1765474861   40200450     28           27567776     
1008         1765474861   40446093     0            0            
1009         1765474861   40446097     1075500      0            
1215         1765474861   40446098     1075500      0            
1010         1765474861   40446109     0            0            
2021         1765474861   40448217     13596        27567824     
1018         1765474861   40655354     11           0            
1217         1765474861   40655366     31           0            
1218         1765474861   40655366     0            0            
1007         1765474861   40655369     0            0            
2021         1765474861   40704897     28           27567776     
1008         1765474862   40951360     0            0            
1009         1765474862   40951364     1075000      0            
1215         1765474862   40951365     1075000      0            
1010         1765474862   40951375     0            0            
2021         1765474862   40953542     13596        27567824     
1018         1765474862   41160648     10           0            
1217         1765474862   41160660     31           0            
1218         1765474862   41160660     0            0            
1007         1765474862   41160663     0            0            
2021         1765474862   41210879     28           27567776     
1008         1765474862   41456357     0            0            
1009         1765474862   41456361     1074500      0            
1215         1765474862   41456362     1074500      0            
1010         1765474862   41456373     0            0            
2021         1765474862   41458506     13596        27567824     
1018         1765474862   41665554     9            0            
1217         1765474862   41665566     31           0            
1218         1765474862   41665566     0            0            
1007         1765474862   41665569     0            0            
2021         1765474862   41719914     28           27567776     
1008         1765474863   41961556     0            0            
1009         1765474863   41961560     1074000      0            
1215         1765474863   41961561     1074000      0            
1010         1765474863   41961572     0            0            
2021         1765474863   41963657     13596        27567824     
1018         1765474863   42170672     8            0            
1217         1765474863   42170684     31           0            
1218         1765474863   42170685     0            0            
1007         1765474863   42170687     0            0            
2021         1765474863   42212302     28           27567776     
1008         1765474863   42466376     0            0            
1009         1765474863   42466380     1073500      0            
1215         1765474863   42466381     1073500      0            
1010         1765474863   42466392     0            0            
2021         1765474863   42513007     13596        27567824     
1018         1765474863   42675645     7            0            
1217         1765474863   42675657     31           0            
1218         1765474863   42675657     0            0            
1007         1765474863   42675660     0            0            
2021         1765474863   42730178     28           27567776     
1008         1765474864   42971643     0            0            
1009         1765474864   42971647     1073000      0            
1215         1765474864   42971648     1073000      0            
1010         1765474864   42971659     0            0            
2021         1765474864   42973817     13596        27567824     
1018         1765474864   43180691     6            0            
1217         1765474864   43180703     31           0            
1218         1765474864   43180704     0            0            
1007         1765474864   43180706     0            0            
2021         1765474864   43236258     28           27567776     
1008         1765474864   43476399     0            0            
1009         1765474864   43476403     1072500      0            
1215         1765474864   43476404     1072500      0            
1010         1765474864   43476415     0            0            
2021         1765474864   43519942     13596        27567824     
1018         1765474864   43685522     5            0            
1217         1765474864   43685534     31           0            
1218         1765474864   43685535     0            0            
1007         1765474864   43685537     0            0            
2021         1765474864   43740398     28           27567776     
1008         1765474865   43981521     0            0            
1009         1765474865   43981525     1072000      0            
1215         1765474865   43981526     1072000      0            
1010         1765474865   43981537     0            0            
2021         1765474865   43983737     13596        27567824     
1018         1765474865   44190823     4            0            
1217         1765474865   44190835     31           0            
1218         1765474865   44190835     0            0            
1007         1765474865   44190838     0            0            
2021         1765474865   44234347     28           27567776     
1008         1765474865   44486532     0            0            
1009         1765474865   44486536     1071500      0            
1215         1765474865   44486536     1071500      0            
1010         1765474865   44486547     0            0            
2021         1765474865   44488611     13596        27567824     
1018         1765474865   44695814     3            0            
1217         1765474865   44695826     31           0            
1218         1765474865   44695827     0            0            
1007         1765474865   44695830     0            0            
2021         1765474865   44743464     28           27567776     
1008         1765474866   44991811     0            0            
1009         1765474866   44991815     1071000      0            
1215         1765474866   44991816     1071000      0            
1010         1765474866   44991827     0            0            
2021         1765474866   45047746     13596        27567824     
1018         1765474866   45200778     2            0            
1217         1765474866   45200790     31           0            
1218         1765474866   45200790     0            0            
1007         1765474866   45200793     0            0            
2021         1765474866   45252385     28           27567776     
1008         1765474866   45496483     0            0            
1009         1765474866   45496487     1070500      0            
1215         1765474866   45496488     1070500      0            
1010         1765474866   45496499     0            0            
2021         1765474866   45498639     13596        27567824     
1018         1765474866   45705977     1            0            
1217         1765474866   45705989     31           0            
1218         1765474866   45705989     0            0            
1007         1765474866   45705992     0            0            
2021         1765474866   45756553     28           27567776     
1008         1765474867   46001974     0            0            
1009         1765474867   46001978     1070000      0            
1215         1765474867   46001979     1070000      0            
1010         1765474867   46001990     0            0            
2021         1765474867   46004020     13596        27567824     
1018         1765474867   46211049     0            0            
1217         1765474867   46211061     31           0            
1218         1765474867   46211062     0            0            
1007         1765474867   46211064     0            0            
2021         1765474867   46259731     28           27567776     
1008         1765474867   46506752     0            0            
1010         1765474867   46506757     0            0            
2021         1765474867   46508942     13596        27567824     
50001        1            1436502      0            0            
50002        1764777195   3996673270   4875         0            
50003        1            1436503      0            0            
50004        1            1436503      0            0            
