12           1765475406   590150529    100794379    0            
15           1765475406   590150530    1000000      0            
2021         1765475406   590151312    24           27567776     
2021         1765475406   590154120    25880        27567808     
2100         1765475406   590154168    1            17039424     
2107         1765475406   590500470    1            17039424     
2007         1765475407   590605864    1765475407   0            
15           1765475407   590605865    1000000      0            
2021         1765475407   590606515    20           27567776     
1012         1765475407   590623995    1            1070000      
2001         1765475407   590623996    1070000      1130000      
2002         1765475407   590623997    500          0            
2003         1765475407   590623997    1            0            
2004         1765475407   590623998    1            0            
1000         1765475407   590624005    0            0            
1205         1765475407   590624008    33700        0            
1217         1765475407   590624125    31           0            
1218         1765475407   590624126    0            0            
1203         1765475407   590663183    4294966723   998          
1201         1765475407   590663184    10           0            
2021         1765475407   590665994    28           27567776     
1203         1765475407   590749569    4294966723   953          
1013         1765475407   590749570    0            0            
1014         1765475408   591766213    0            0            
1203         1765475408   591805228    4294966723   999          
1125         1765475408   591805229    23           0            
1117         1765475408   591805378    3125         0            
1118         1765475408   591824594    3561         0            
1119         1765475408   591852780    0            0            
1120         1765475408   591882435    4294939896   4294964235   
1121         1765475408   591912088    0            0            
1122         1765475408   591941742    4294939896   4294964235   
1124         1765475408   591941744    0            0            
1123         1765475408   592220759    0            0            
1100         1765475408   592282694    28896        0            
1101         1765475408   592282695    0            22377        
1115         1765475408   592282696    628595       4107254664   
1116         1765475408   592282696    28           390587346    
1203         1765475408   592321853    4294966724   998          
1201         1765475408   592321853    10           0            
1204         1765475409   593408345    11465        10           
1202         1765475409   593408346    11465        0            
1203         1765475409   593506094    4294966724   1000         
1125         1765475409   593506095    23           0            
1126         1765475409   593506096    0            0            
1126         1765475409   593506096    1            0            
1108         1765475409   593506097    104          0            
1217         1765475409   593506101    31           0            
1218         1765475409   593506102    0            0            
1215         1765475409   593506105    1070000      1            
1217         1765475409   593562450    31           0            
1218         1765475409   593562451    0            0            
1001         1765475409   593562454    1            0            
1002         1765475410   593858276    0            0            
2021         1765475410   593860992    13592        27567824     
1018         1765475410   593938443    0            0            
1003         1765475410   593938444    0            0            
1201         1765475410   593938445    10           0            
2021         1765475410   593984200    28           27567776     
1203         1765475410   594024821    4294966725   948          
1013         1765475410   594024822    0            0            
1014         1765475411   595049042    0            0            
1203         1765475411   595088063    4294966724   999          
1125         1765475411   595088064    23           0            
1117         1765475411   595088213    3100         0            
1118         1765475411   595107422    3561         0            
1119         1765475411   595130749    0            0            
1120         1765475411   595160387    4294939896   4294964235   
1121         1765475411   595190039    0            0            
1122         1765475411   595219695    4294939896   4294964235   
1123         1765475411   595219698    0            0            
1100         1765475411   595281630    28896        0            
1101         1765475411   595281631    0            22149        
1115         1765475411   595281631    636836       2649957320   
1116         1765475411   595281632    28           3228624740   
1203         1765475411   595320805    4294966726   989          
1201         1765475411   595320806    10           0            
1204         1765475412   596438652    11455        10           
1202         1765475412   596438653    11455        0            
1203         1765475412   596535243    4294966725   999          
1125         1765475412   596535244    23           0            
1124         1765475412   596535245    1            0            
1215         1765475413   596816719    1070000      0            
1217         1765475413   596862953    31           0            
1218         1765475413   596862953    0            0            
1007         1765475413   596862956    0            0            
1008         1765475413   597158779    0            0            
1009         1765475413   597158783    1070500      0            
1215         1765475413   597158784    1070500      0            
1010         1765475413   597158795    0            0            
2021         1765475413   597222758    13596        27567824     
1018         1765475413   597473776    1            0            
1217         1765475413   597473788    31           0            
1218         1765475413   597473789    0            0            
1007         1765475413   597473791    0            0            
2021         1765475413   597624814    28           27567776     
1008         1765475414   597769484    0            0            
1009         1765475414   597769488    1071000      0            
1215         1765475414   597769489    1071000      0            
1010         1765475414   597769500    0            0            
2021         1765475414   597771687    13596        27567824     
1018         1765475414   597978801    2            0            
1217         1765475414   597978812    31           0            
1218         1765475414   597978813    0            0            
1007         1765475414   597978816    0            0            
2021         1765475414   598132246    28           27567776     
1008         1765475414   598274506    0            0            
1009         1765475414   598274510    1071500      0            
1215         1765475414   598274511    1071500      0            
1010         1765475414   598274522    0            0            
2021         1765475414   598334074    13596        27567824     
1018         1765475414   598483926    3            0            
1217         1765475414   598483938    31           0            
1218         1765475414   598483938    0            0            
1007         1765475414   598483941    0            0            
2021         1765475414   598532092    28           27567776     
1008         1765475415   598779634    0            0            
1009         1765475415   598779638    1072000      0            
1215         1765475415   598779639    1072000      0            
1010         1765475415   598779650    0            0            
2021         1765475415   598937829    13596        27567824     
1018         1765475415   598988957    4            0            
1217         1765475415   598988969    31           0            
1218         1765475415   598988969    0            0            
1007         1765475415   598988972    0            0            
2021         1765475415   599043830    28           27567776     
1008         1765475415   599284654    0            0            
1009         1765475415   599284659    1072500      0            
1215         1765475415   599284659    1072500      0            
1010         1765475415   599284670    0            0            
2021         1765475415   599452614    13596        27567824     
1018         1765475415   599494000    5            0            
1217         1765475415   599494012    31           0            
1218         1765475415   599494013    0            0            
1007         1765475415   599494015    0            0            
2021         1765475415   599644699    28           27567776     
1008         1765475416   599789712    0            0            
1009         1765475416   599789716    1073000      0            
1215         1765475416   599789717    1073000      0            
1010         1765475416   599789728    0            0            
2021         1765475416   599851438    13596        27567824     
1018         1765475416   599999060    6            0            
1217         1765475416   599999071    31           0            
1218         1765475416   599999072    0            0            
1007         1765475416   599999075    0            0            
2021         1765475416   600052732    28           27567776     
1008         1765475416   600294766    0            0            
1009         1765475416   600294770    1073500      0            
1215         1765475416   600294771    1073500      0            
1010         1765475416   600294782    0            0            
2021         1765475416   600452917    13596        27567824     
1018         1765475416   600504128    7            0            
1217         1765475416   600504140    31           0            
1218         1765475416   600504140    0            0            
1007         1765475416   600504143    0            0            
2021         1765475416   600658089    28           27567776     
1008         1765475417   600799831    0            0            
1009         1765475417   600799836    1074000      0            
1215         1765475417   600799836    1074000      0            
1010         1765475417   600799847    0            0            
2021         1765475417   600852923    13596        27567824     
1018         1765475417   601009196    8            0            
1217         1765475417   601009208    31           0            
1218         1765475417   601009209    0            0            
1007         1765475417   601009211    0            0            
2021         1765475417   601062012    28           27567776     
1008         1765475417   601304905    0            0            
1009         1765475417   601304909    1074500      0            
1215         1765475417   601304910    1074500      0            
1010         1765475417   601304921    0            0            
2021         1765475417   601368591    13596        27567824     
1018         1765475417   601514231    9            0            
1217         1765475417   601514243    31           0            
1218         1765475417   601514243    0            0            
1007         1765475417   601514246    0            0            
2021         1765475417   601559646    28           27567776     
1008         1765475418   601809937    0            0            
1009         1765475418   601809942    1075000      0            
1215         1765475418   601809942    1075000      0            
1010         1765475418   601809953    0            0            
2021         1765475418   601873295    13596        27567824     
1018         1765475418   602019207    10           0            
1217         1765475418   602019219    31           0            
1218         1765475418   602019220    0            0            
1007         1765475418   602019222    0            0            
2021         1765475418   602172481    28           27567776     
1008         1765475418   602314917    0            0            
1009         1765475418   602314921    1075500      0            
1215         1765475418   602314922    1075500      0            
1010         1765475418   602314933    0            0            
2021         1765475418   602368106    13596        27567824     
1018         1765475418   602524321    11           0            
1217         1765475418   602524333    31           0            
1218         1765475418   602524333    0            0            
1007         1765475418   602524336    0            0            
2021         1765475418   602576104    28           27567776     
1008         1765475419   602820028    0            0            
1009         1765475419   602820032    1076000      0            
1215         1765475419   602820033    1076000      0            
1010         1765475419   602820044    0            0            
2021         1765475419   602875243    13596        27567824     
1018         1765475419   603029371    12           0            
1217         1765475419   603029383    31           0            
1218         1765475419   603029384    0            0            
1007         1765475419   603029386    0            0            
2021         1765475419   603172841    28           27567776     
1008         1765475419   603325082    0            0            
1009         1765475419   603325086    1076500      0            
1215         1765475419   603325086    1076500      0            
1010         1765475419   603325097    0            0            
2021         1765475419   603388652    13596        27567824     
1018         1765475419   603534421    13           0            
1217         1765475419   603534433    31           0            
1218         1765475419   603534434    0            0            
1007         1765475419   603534436    0            0            
2021         1765475419   603576567    28           27567776     
1008         1765475420   603830128    0            0            
1009         1765475420   603830132    1077000      0            
1215         1765475420   603830133    1077000      0            
1010         1765475420   603830144    0            0            
2021         1765475420   603888212    13596        27567824     
1018         1765475420   604039303    14           0            
1217         1765475420   604039314    31           0            
1218         1765475420   604039315    0            0            
1007         1765475420   604039318    0            0            
2021         1765475420   604092635    28           27567776     
1008         1765475420   604335013    0            0            
1009         1765475420   604335017    1077500      0            
1215         1765475420   604335018    1077500      0            
1010         1765475420   604335029    0            0            
2021         1765475420   604494855    13596        27567824     
1018         1765475420   604544480    15           0            
1217         1765475420   604544492    31           0            
1218         1765475420   604544493    0            0            
1007         1765475420   604544495    0            0            
2021         1765475420   604686057    28           27567776     
1008         1765475421   604840186    0            0            
1009         1765475421   604840191    1078000      0            
1215         1765475421   604840191    1078000      0            
1010         1765475421   604840202    0            0            
2021         1765475421   604997567    13596        27567824     
1018         1765475421   605049541    16           0            
1217         1765475421   605049552    31           0            
1218         1765475421   605049553    0            0            
1007         1765475421   605049556    0            0            
2021         1765475421   605102868    28           27567776     
1008         1765475421   605345241    0            0            
1009         1765475421   605345245    1078500      0            
1215         1765475421   605345246    1078500      0            
1010         1765475421   605345257    0            0            
2021         1765475421   605392315    13596        27567824     
1018         1765475421   605554559    17           0            
1217         1765475421   605554571    31           0            
1218         1765475421   605554572    0            0            
1007         1765475421   605554574    0            0            
2021         1765475421   605599630    28           27567776     
1008         1765475422   605850271    0            0            
1009         1765475422   605850275    1079000      0            
1215         1765475422   605850276    1079000      0            
1010         1765475422   605850287    0            0            
2021         1765475422   605905639    13596        27567824     
1018         1765475422   606059633    18           0            
1217         1765475422   606059645    31           0            
1218         1765475422   606059646    0            0            
1007         1765475422   606059649    0            0            
2021         1765475422   606112961    28           27567776     
1008         1765475422   606355344    0            0            
1009         1765475422   606355348    1079500      0            
1215         1765475422   606355349    1079500      0            
1010         1765475422   606355360    0            0            
2021         1765475422   606398282    13596        27567824     
1018         1765475422   606564664    19           0            
1217         1765475422   606564676    31           0            
1218         1765475422   606564677    0            0            
1007         1765475422   606564679    0            0            
2021         1765475422   606605606    28           27567776     
1008         1765475423   606860370    0            0            
1009         1765475423   606860374    1080000      0            
1215         1765475423   606860375    1080000      0            
1010         1765475423   606860386    0            0            
2021         1765475423   606908057    13596        27567824     
1018         1765475423   607069722    20           0            
1217         1765475423   607069734    31           0            
1218         1765475423   607069735    0            0            
1007         1765475423   607069737    0            0            
2021         1765475423   607118405    28           27567776     
1008         1765475423   607365427    0            0            
1009         1765475423   607365431    1080500      0            
1215         1765475423   607365432    1080500      0            
1010         1765475423   607365443    0            0            
2021         1765475423   607420828    13596        27567824     
1018         1765475423   607574819    21           0            
1217         1765475423   607574831    31           0            
1218         1765475423   607574831    0            0            
1007         1765475423   607574834    0            0            
2021         1765475423   607627630    28           27567776     
1008         1765475424   607870521    0            0            
1009         1765475424   607870525    1081000      0            
1215         1765475424   607870526    1081000      0            
1010         1765475424   607870537    0            0            
2021         1765475424   607928176    13596        27567824     
1018         1765475424   608079833    22           0            
1217         1765475424   608079845    31           0            
1218         1765475424   608079846    0            0            
1007         1765475424   608079849    0            0            
2021         1765475424   608120948    28           27567776     
1008         1765475424   608375536    0            0            
1009         1765475424   608375541    1081500      0            
1215         1765475424   608375541    1081500      0            
1010         1765475424   608375552    0            0            
2021         1765475424   608420960    13596        27567824     
1018         1765475424   608584890    23           0            
1217         1765475424   608584902    31           0            
1218         1765475424   608584903    0            0            
1007         1765475424   608584906    0            0            
2021         1765475424   608625660    28           27567776     
1008         1765475425   608880594    0            0            
1009         1765475425   608880599    1082000      0            
1215         1765475425   608880599    1082000      0            
1010         1765475425   608880610    0            0            
2021         1765475425   608928787    13596        27567824     
1018         1765475425   609090019    24           0            
1217         1765475425   609090031    31           0            
1218         1765475425   609090031    0            0            
1007         1765475425   609090034    0            0            
2021         1765475425   609131647    28           27567776     
1008         1765475425   609385719    0            0            
1009         1765475425   609385723    1082500      0            
1215         1765475425   609385724    1082500      0            
1010         1765475425   609385735    0            0            
2021         1765475425   609433177    13596        27567824     
1018         1765475425   609595054    25           0            
1217         1765475425   609595066    31           0            
1218         1765475425   609595067    0            0            
1007         1765475425   609595069    0            0            
2021         1765475425   609636170    28           27567776     
1008         1765475426   609890759    0            0            
1009         1765475426   609890763    1083000      0            
1215         1765475426   609890764    1083000      0            
1010         1765475426   609890775    0            0            
2021         1765475426   609936913    13596        27567824     
1018         1765475426   610100124    26           0            
1217         1765475426   610100136    31           0            
1218         1765475426   610100136    0            0            
1007         1765475426   610100139    0            0            
2021         1765475426   610142098    28           27567776     
1008         1765475426   610395830    0            0            
1009         1765475426   610395834    1083500      0            
1215         1765475426   610395835    1083500      0            
1010         1765475426   610395846    0            0            
2021         1765475426   610441852    13596        27567824     
1018         1765475426   610605139    27           0            
1217         1765475426   610605151    31           0            
1218         1765475426   610605152    0            0            
1007         1765475426   610605154    0            0            
2021         1765475426   610660875    28           27567776     
1008         1765475427   610900846    0            0            
1009         1765475427   610900850    1084000      0            
1215         1765475427   610900851    1084000      0            
1010         1765475427   610900862    0            0            
2021         1765475427   610947940    13596        27567824     
1018         1765475427   611110144    28           0            
1217         1765475427   611110156    31           0            
1218         1765475427   611110156    0            0            
1007         1765475427   611110159    0            0            
2021         1765475427   611152294    28           27567776     
1008         1765475427   611405854    0            0            
1009         1765475427   611405858    1084500      0            
1215         1765475427   611405859    1084500      0            
1010         1765475427   611405870    0            0            
2021         1765475427   611407975    13596        27567824     
1018         1765475427   611615198    29           0            
1217         1765475427   611615210    31           0            
1218         1765475427   611615210    0            0            
1007         1765475427   611615213    0            0            
2021         1765475427   611660097    28           27567776     
1008         1765475428   611910901    0            0            
1009         1765475428   611910905    1085000      0            
1215         1765475428   611910906    1085000      0            
1010         1765475428   611910917    0            0            
2021         1765475428   611913077    13596        27567824     
1018         1765475428   612120305    30           0            
1217         1765475428   612120317    31           0            
1218         1765475428   612120317    0            0            
1007         1765475428   612120320    0            0            
2021         1765475428   612175524    28           27567776     
1008         1765475428   612416009    0            0            
1009         1765475428   612416013    1085500      0            
1215         1765475428   612416014    1085500      0            
1010         1765475428   612416024    0            0            
2021         1765475428   612418158    13596        27567824     
1018         1765475428   612625358    31           0            
1217         1765475428   612625370    31           0            
1218         1765475428   612625370    0            0            
1007         1765475428   612625373    0            0            
2021         1765475428   612676450    28           27567776     
1008         1765475429   612921060    0            0            
1009         1765475429   612921064    1086000      0            
1215         1765475429   612921065    1086000      0            
1010         1765475429   612921076    0            0            
2021         1765475429   612923240    13596        27567824     
1018         1765475429   613130332    32           0            
1217         1765475429   613130344    31           0            
1218         1765475429   613130345    0            0            
1007         1765475429   613130347    0            0            
2021         1765475429   613174715    28           27567776     
1008         1765475429   613426039    0            0            
1009         1765475429   613426043    1086500      0            
1215         1765475429   613426044    1086500      0            
1010         1765475429   613426055    0            0            
2021         1765475429   613428271    13596        27567824     
1018         1765475429   613635422    33           0            
1217         1765475429   613635434    31           0            
1218         1765475429   613635434    0            0            
1007         1765475429   613635437    0            0            
2021         1765475429   613676703    28           27567776     
1008         1765475430   613931123    0            0            
1009         1765475430   613931128    1087000      0            
1215         1765475430   613931128    1087000      0            
1010         1765475430   613931139    0            0            
2021         1765475430   613933222    13596        27567824     
1018         1765475430   614140445    34           0            
1217         1765475430   614140457    31           0            
1218         1765475430   614140458    0            0            
1007         1765475430   614140460    0            0            
2021         1765475430   614186891    28           27567776     
1008         1765475430   614436147    0            0            
1009         1765475430   614436151    1087500      0            
1215         1765475430   614436152    1087500      0            
1010         1765475430   614436163    0            0            
2021         1765475430   614438194    13596        27567824     
1018         1765475430   614645549    35           0            
1217         1765475430   614645561    31           0            
1218         1765475430   614645562    0            0            
1007         1765475430   614645564    0            0            
2021         1765475430   614687693    28           27567776     
1008         1765475431   614941256    0            0            
1009         1765475431   614941261    1088000      0            
1215         1765475431   614941261    1088000      0            
1010         1765475431   614941272    0            0            
2021         1765475431   614943360    13596        27567824     
1018         1765475431   615150426    36           0            
1217         1765475431   615150438    31           0            
1218         1765475431   615150438    0            0            
1007         1765475431   615150441    0            0            
2021         1765475431   615194286    28           27567776     
1008         1765475431   615446128    0            0            
1009         1765475431   615446132    1088500      0            
1215         1765475431   615446133    1088500      0            
1010         1765475431   615446144    0            0            
2021         1765475431   615493848    13596        27567824     
1018         1765475431   615655637    37           0            
1217         1765475431   615655649    31           0            
1218         1765475431   615655650    0            0            
1007         1765475431   615655652    0            0            
2021         1765475431   615700188    28           27567776     
1008         1765475432   615951340    0            0            
1009         1765475432   615951344    1089000      0            
1215         1765475432   615951345    1089000      0            
1010         1765475432   615951356    0            0            
2021         1765475432   615953386    13596        27567824     
1018         1765475432   616160611    38           0            
1217         1765475432   616160622    31           0            
1218         1765475432   616160623    0            0            
1007         1765475432   616160626    0            0            
2021         1765475432   616203441    28           27567776     
1008         1765475432   616456312    0            0            
1009         1765475432   616456316    1089500      0            
1215         1765475432   616456317    1089500      0            
1010         1765475432   616456328    0            0            
2021         1765475432   616458470    13596        27567824     
1018         1765475432   616665721    39           0            
1217         1765475432   616665733    31           0            
1218         1765475432   616665733    0            0            
1007         1765475432   616665736    0            0            
2021         1765475432   616707347    28           27567776     
1008         1765475433   616961425    0            0            
1009         1765475433   616961429    1090000      0            
1215         1765475433   616961430    1090000      0            
1010         1765475433   616961441    0            0            
2021         1765475433   616963530    13596        27567824     
1018         1765475433   617170723    40           0            
1217         1765475433   617170735    31           0            
1218         1765475433   617170736    0            0            
1007         1765475433   617170738    0            0            
2021         1765475433   617214243    28           27567776     
1008         1765475433   617466427    0            0            
1009         1765475433   617466432    1090500      0            
1215         1765475433   617466432    1090500      0            
1010         1765475433   617466443    0            0            
2021         1765475433   617513101    13596        27567824     
1018         1765475433   617675912    41           0            
1217         1765475433   617675923    31           0            
1218         1765475433   617675924    0            0            
1007         1765475433   617675927    0            0            
2021         1765475433   617721840    28           27567776     
1008         1765475434   617971621    0            0            
1009         1765475434   617971625    1091000      0            
1215         1765475434   617971626    1091000      0            
1010         1765475434   617971636    0            0            
2021         1765475434   617973803    13596        27567824     
1018         1765475434   618180852    42           0            
1217         1765475434   618180864    31           0            
1218         1765475434   618180864    0            0            
1007         1765475434   618180867    0            0            
2021         1765475434   618226090    28           27567776     
1008         1765475434   618476556    0            0            
1009         1765475434   618476561    1091500      0            
1215         1765475434   618476561    1091500      0            
1010         1765475434   618476572    0            0            
2021         1765475434   618525399    13596        27567824     
1018         1765475434   618685936    43           0            
1217         1765475434   618685948    31           0            
1218         1765475434   618685948    0            0            
1007         1765475434   618685951    0            0            
2021         1765475434   618728938    28           27567776     
1008         1765475435   618981641    0            0            
1009         1765475435   618981645    1092000      0            
1215         1765475435   618981646    1092000      0            
1010         1765475435   618981657    0            0            
2021         1765475435   618983791    13596        27567824     
1018         1765475435   619191026    44           0            
1217         1765475435   619191037    31           0            
1218         1765475435   619191038    0            0            
1007         1765475435   619191041    0            0            
2021         1765475435   619232305    28           27567776     
1008         1765475435   619486730    0            0            
1009         1765475435   619486735    1092500      0            
1215         1765475435   619486735    1092500      0            
1010         1765475435   619486746    0            0            
2021         1765475435   619488911    13596        27567824     
1018         1765475435   619696042    45           0            
1217         1765475435   619696054    31           0            
1218         1765475435   619696055    0            0            
1007         1765475435   619696057    0            0            
2021         1765475435   619740247    28           27567776     
1008         1765475436   619991749    0            0            
1009         1765475436   619991753    1093000      0            
1215         1765475436   619991754    1093000      0            
1010         1765475436   619991765    0            0            
2021         1765475436   620044203    13596        27567824     
1018         1765475436   620201127    46           0            
1217         1765475436   620201139    31           0            
1218         1765475436   620201139    0            0            
1007         1765475436   620201142    0            0            
2021         1765475436   620247395    28           27567776     
1008         1765475436   620496827    0            0            
1009         1765475436   620496831    1093500      0            
1215         1765475436   620496832    1093500      0            
1010         1765475436   620496843    0            0            
2021         1765475436   620544917    13596        27567824     
1018         1765475436   620706133    47           0            
1217         1765475436   620706145    31           0            
1218         1765475436   620706146    0            0            
1007         1765475436   620706148    0            0            
2021         1765475436   620747417    28           27567776     
1008         1765475437   621001839    0            0            
1009         1765475437   621001843    1094000      0            
1215         1765475437   621001843    1094000      0            
1010         1765475437   621001854    0            0            
2021         1765475437   621050733    13596        27567824     
1018         1765475437   621211228    48           0            
1217         1765475437   621211240    31           0            
1218         1765475437   621211241    0            0            
1007         1765475437   621211243    0            0            
2021         1765475437   621253027    28           27567776     
1008         1765475437   621506931    0            0            
1009         1765475437   621506935    1094500      0            
1215         1765475437   621506936    1094500      0            
1010         1765475437   621506947    0            0            
2021         1765475437   621509113    13596        27567824     
1018         1765475437   621716193    49           0            
1217         1765475437   621716205    31           0            
1218         1765475437   621716205    0            0            
1007         1765475437   621716208    0            0            
2021         1765475437   621771928    28           27567776     
1008         1765475438   622011901    0            0            
1009         1765475438   622011906    1095000      0            
1215         1765475438   622011906    1095000      0            
1010         1765475438   622011917    0            0            
2021         1765475438   622013945    13596        27567824     
1018         1765475438   622221355    50           0            
1217         1765475438   622221367    31           0            
1218         1765475438   622221368    0            0            
1007         1765475438   622221370    0            0            
2021         1765475438   622276744    28           27567776     
1008         1765475438   622517061    0            0            
1009         1765475438   622517065    1095500      0            
1215         1765475438   622517066    1095500      0            
1010         1765475438   622517077    0            0            
2021         1765475438   622519080    13596        27567824     
1018         1765475438   622726328    51           0            
1217         1765475438   622726340    31           0            
1218         1765475438   622726341    0            0            
1007         1765475438   622726343    0            0            
2021         1765475438   622782061    28           27567776     
1008         1765475439   623022029    0            0            
1009         1765475439   623022034    1096000      0            
1215         1765475439   623022034    1096000      0            
1010         1765475439   623022045    0            0            
2021         1765475439   623024284    13596        27567824     
1018         1765475439   623231361    52           0            
1217         1765475439   623231373    31           0            
1218         1765475439   623231374    0            0            
1007         1765475439   623231376    0            0            
2021         1765475439   623284684    28           27567776     
1008         1765475439   623527062    0            0            
1009         1765475439   623527067    1096500      0            
1215         1765475439   623527067    1096500      0            
1010         1765475439   623527078    0            0            
2021         1765475439   623572944    13596        27567824     
1018         1765475439   623736473    53           0            
1217         1765475439   623736485    31           0            
1218         1765475439   623736485    0            0            
1007         1765475439   623736488    0            0            
2021         1765475439   623792209    28           27567776     
1008         1765475440   624032179    0            0            
1009         1765475440   624032183    1097000      0            
1215         1765475440   624032184    1097000      0            
1010         1765475440   624032195    0            0            
2021         1765475440   624034301    13596        27567824     
1018         1765475440   624241453    54           0            
1217         1765475440   624241465    31           0            
1218         1765475440   624241466    0            0            
1007         1765475440   624241469    0            0            
2021         1765475440   624294950    28           27567776     
1008         1765475440   624537154    0            0            
1009         1765475440   624537158    1097500      0            
1215         1765475440   624537159    1097500      0            
1010         1765475440   624537170    0            0            
2021         1765475440   624539303    13596        27567824     
1018         1765475440   624746557    55           0            
1217         1765475440   624746568    31           0            
1218         1765475440   624746569    0            0            
1007         1765475440   624746572    0            0            
2021         1765475440   624800229    28           27567776     
1008         1765475441   625042265    0            0            
1009         1765475441   625042269    1098000      0            
1215         1765475441   625042270    1098000      0            
1010         1765475441   625042281    0            0            
2021         1765475441   625044359    13596        27567824     
1018         1765475441   625251588    56           0            
1217         1765475441   625251599    31           0            
1218         1765475441   625251600    0            0            
1007         1765475441   625251603    0            0            
2021         1765475441   625306802    28           27567776     
1008         1765475441   625547288    0            0            
1009         1765475441   625547292    1098500      0            
1215         1765475441   625547293    1098500      0            
1010         1765475441   625547304    0            0            
2021         1765475441   625549436    13596        27567824     
1018         1765475441   625756631    57           0            
1217         1765475441   625756643    31           0            
1218         1765475441   625756644    0            0            
1007         1765475441   625756646    0            0            
2021         1765475441   625812536    28           27567776     
1008         1765475442   626052336    0            0            
1009         1765475442   626052340    1099000      0            
1215         1765475442   626052341    1099000      0            
1010         1765475442   626052352    0            0            
2021         1765475442   626054432    13596        27567824     
1018         1765475442   626261773    58           0            
1217         1765475442   626261785    31           0            
1218         1765475442   626261785    0            0            
1007         1765475442   626261788    0            0            
2021         1765475442   626303227    28           27567776     
1008         1765475442   626557480    0            0            
1009         1765475442   626557484    1099500      0            
1215         1765475442   626557485    1099500      0            
1010         1765475442   626557496    0            0            
2021         1765475442   626559631    13596        27567824     
1018         1765475442   626766820    59           0            
1217         1765475442   626766832    31           0            
1218         1765475442   626766832    0            0            
1007         1765475442   626766835    0            0            
2021         1765475442   626811543    28           27567776     
1008         1765475443   627062523    0            0            
1009         1765475443   627062527    1100000      0            
1215         1765475443   627062528    1100000      0            
1010         1765475443   627062539    0            0            
2021         1765475443   627064723    13596        27567824     
1018         1765475443   627271707    60           0            
1217         1765475443   627271719    31           0            
1218         1765475443   627271720    0            0            
1007         1765475443   627271723    0            0            
2021         1765475443   627315397    28           27567776     
1008         1765475443   627567410    0            0            
1009         1765475443   627567414    1100500      0            
1215         1765475443   627567415    1100500      0            
1010         1765475443   627567425    0            0            
2021         1765475443   627569531    13596        27567824     
1018         1765475443   627776792    61           0            
1217         1765475443   627776804    31           0            
1218         1765475443   627776804    0            0            
1007         1765475443   627776807    0            0            
2021         1765475443   627820826    28           27567776     
1008         1765475444   628072496    0            0            
1009         1765475444   628072500    1101000      0            
1215         1765475444   628072501    1101000      0            
1010         1765475444   628072512    0            0            
2021         1765475444   628074573    13596        27567824     
1018         1765475444   628281844    62           0            
1217         1765475444   628281856    31           0            
1218         1765475444   628281856    0            0            
1007         1765475444   628281859    0            0            
2021         1765475444   628337917    28           27567776     
1008         1765475444   628577547    0            0            
1009         1765475444   628577551    1101500      0            
1215         1765475444   628577552    1101500      0            
1010         1765475444   628577563    0            0            
2021         1765475444   628623507    13596        27567824     
1018         1765475444   628786908    63           0            
1217         1765475444   628786920    31           0            
1218         1765475444   628786921    0            0            
1007         1765475444   628786923    0            0            
2021         1765475444   628841953    28           27567776     
1008         1765475445   629082614    0            0            
1009         1765475445   629082618    1102000      0            
1215         1765475445   629082618    1102000      0            
1010         1765475445   629082629    0            0            
2021         1765475445   629084814    13596        27567824     
1018         1765475445   629292056    64           0            
1217         1765475445   629292068    31           0            
1218         1765475445   629292068    0            0            
1007         1765475445   629292071    0            0            
2021         1765475445   629336950    28           27567776     
1008         1765475445   629587760    0            0            
1009         1765475445   629587764    1102500      0            
1215         1765475445   629587765    1102500      0            
1010         1765475445   629587776    0            0            
2021         1765475445   629636260    13596        27567824     
1018         1765475445   629797000    65           0            
1217         1765475445   629797011    31           0            
1218         1765475445   629797012    0            0            
1007         1765475445   629797015    0            0            
2021         1765475445   629844306    28           27567776     
1008         1765475446   630092705    0            0            
1009         1765475446   630092709    1103000      0            
1215         1765475446   630092710    1103000      0            
1010         1765475446   630092721    0            0            
2021         1765475446   630094856    13596        27567824     
1018         1765475446   630301993    66           0            
1217         1765475446   630302005    31           0            
1218         1765475446   630302006    0            0            
1007         1765475446   630302008    0            0            
2021         1765475446   630348609    28           27567776     
1008         1765475446   630597696    0            0            
1009         1765475446   630597700    1103500      0            
1215         1765475446   630597701    1103500      0            
1010         1765475446   630597712    0            0            
2021         1765475446   630599922    13596        27567824     
1018         1765475446   630807255    67           0            
1217         1765475446   630807267    31           0            
1218         1765475446   630807268    0            0            
1007         1765475446   630807271    0            0            
2021         1765475446   630852322    28           27567776     
1008         1765475447   631102960    0            0            
1009         1765475447   631102964    1104000      0            
1215         1765475447   631102965    1104000      0            
1010         1765475447   631102976    0            0            
2021         1765475447   631105055    13596        27567824     
1018         1765475447   631312152    68           0            
1217         1765475447   631312163    31           0            
1218         1765475447   631312164    0            0            
1007         1765475447   631312167    0            0            
2021         1765475447   631357047    28           27567776     
1008         1765475447   631607859    0            0            
1009         1765475447   631607863    1104500      0            
1215         1765475447   631607864    1104500      0            
1010         1765475447   631607875    0            0            
2021         1765475447   631610006    13596        27567824     
1018         1765475447   631817272    69           0            
1217         1765475447   631817284    31           0            
1218         1765475447   631817284    0            0            
1007         1765475447   631817287    0            0            
2021         1765475447   631864059    28           27567776     
1008         1765475448   632112979    0            0            
1009         1765475448   632112983    1105000      0            
1215         1765475448   632112983    1105000      0            
1010         1765475448   632112994    0            0            
2021         1765475448   632114949    13596        27567824     
1018         1765475448   632322267    70           0            
1217         1765475448   632322279    31           0            
1218         1765475448   632322279    0            0            
1007         1765475448   632322282    0            0            
2021         1765475448   632372494    28           27567776     
1008         1765475448   632617973    0            0            
1009         1765475448   632617978    1105500      0            
1215         1765475448   632617978    1105500      0            
1010         1765475448   632617989    0            0            
2021         1765475448   632672057    13596        27567824     
1018         1765475448   632827366    71           0            
1217         1765475448   632827377    31           0            
1218         1765475448   632827378    0            0            
1007         1765475448   632827381    0            0            
2021         1765475448   632876734    28           27567776     
1008         1765475449   633123067    0            0            
1009         1765475449   633123071    1106000      0            
1215         1765475449   633123072    1106000      0            
1010         1765475449   633123083    0            0            
2021         1765475449   633174537    13596        27567824     
1018         1765475449   633332407    72           0            
1217         1765475449   633332419    31           0            
1218         1765475449   633332419    0            0            
1007         1765475449   633332422    0            0            
2021         1765475449   633378680    28           27567776     
1008         1765475449   633628114    0            0            
1009         1765475449   633628118    1106500      0            
1215         1765475449   633628119    1106500      0            
1010         1765475449   633628130    0            0            
2021         1765475449   633680236    13596        27567824     
1018         1765475449   633837466    73           0            
1217         1765475449   633837478    31           0            
1218         1765475449   633837479    0            0            
1007         1765475449   633837481    0            0            
2021         1765475449   633883221    28           27567776     
1008         1765475450   634133171    0            0            
1009         1765475450   634133175    1107000      0            
1215         1765475450   634133176    1107000      0            
1010         1765475450   634133187    0            0            
2021         1765475450   634135293    13596        27567824     
1018         1765475450   634342429    74           0            
1217         1765475450   634342441    31           0            
1218         1765475450   634342441    0            0            
1007         1765475450   634342444    0            0            
2021         1765475450   634385432    28           27567776     
1008         1765475450   634638136    0            0            
1009         1765475450   634638140    1107500      0            
1215         1765475450   634638141    1107500      0            
1010         1765475450   634638152    0            0            
2021         1765475450   634640311    13596        27567824     
1018         1765475450   634847505    75           0            
1217         1765475450   634847517    31           0            
1218         1765475450   634847518    0            0            
1007         1765475450   634847521    0            0            
2021         1765475450   634891196    28           27567776     
1008         1765475451   635143210    0            0            
1009         1765475451   635143214    1108000      0            
1215         1765475451   635143214    1108000      0            
1010         1765475451   635143225    0            0            
2021         1765475451   635194006    13596        27567824     
1018         1765475451   635352566    76           0            
1217         1765475451   635352578    31           0            
1218         1765475451   635352579    0            0            
1007         1765475451   635352581    0            0            
2021         1765475451   635398662    28           27567776     
1008         1765475451   635648268    0            0            
1009         1765475451   635648273    1108500      0            
1215         1765475451   635648273    1108500      0            
1010         1765475451   635648284    0            0            
2021         1765475451   635650317    13596        27567824     
1018         1765475451   635857647    77           0            
1217         1765475451   635857658    31           0            
1218         1765475451   635857659    0            0            
1007         1765475451   635857662    0            0            
2021         1765475451   635905466    28           27567776     
1008         1765475452   636153352    0            0            
1009         1765475452   636153356    1109000      0            
1215         1765475452   636153357    1109000      0            
1010         1765475452   636153368    0            0            
2021         1765475452   636155551    13596        27567824     
1018         1765475452   636362728    78           0            
1217         1765475452   636362740    31           0            
1218         1765475452   636362740    0            0            
1007         1765475452   636362743    0            0            
2021         1765475452   636407621    28           27567776     
1008         1765475452   636658432    0            0            
1009         1765475452   636658436    1109500      0            
1215         1765475452   636658437    1109500      0            
1010         1765475452   636658448    0            0            
2021         1765475452   636707425    13596        27567824     
1018         1765475452   636867726    79           0            
1217         1765475452   636867738    31           0            
1218         1765475452   636867738    0            0            
1007         1765475452   636867741    0            0            
2021         1765475452   636911761    28           27567776     
1008         1765475453   637163435    0            0            
1009         1765475453   637163439    1110000      0            
1215         1765475453   637163440    1110000      0            
1010         1765475453   637163451    0            0            
2021         1765475453   637214492    13596        27567824     
1018         1765475453   637372881    80           0            
1217         1765475453   637372893    31           0            
1218         1765475453   637372894    0            0            
1007         1765475453   637372896    0            0            
2021         1765475453   637419496    28           27567776     
1008         1765475453   637668585    0            0            
1009         1765475453   637668589    1110500      0            
1215         1765475453   637668590    1110500      0            
1010         1765475453   637668600    0            0            
2021         1765475453   637670683    13596        27567824     
1018         1765475453   637877908    81           0            
1217         1765475453   637877920    31           0            
1218         1765475453   637877921    0            0            
1007         1765475453   637877923    0            0            
2021         1765475453   637925037    28           27567776     
1008         1765475454   638173611    0            0            
1009         1765475454   638173615    1111000      0            
1215         1765475454   638173616    1111000      0            
1010         1765475454   638173626    0            0            
2021         1765475454   638175653    13596        27567824     
1018         1765475454   638382876    82           0            
1217         1765475454   638382888    31           0            
1218         1765475454   638382888    0            0            
1007         1765475454   638382891    0            0            
2021         1765475454   638430867    28           27567776     
1008         1765475454   638678578    0            0            
1009         1765475454   638678582    1111500      0            
1215         1765475454   638678583    1111500      0            
1010         1765475454   638678594    0            0            
2021         1765475454   638680778    13596        27567824     
1018         1765475454   638887922    83           0            
1217         1765475454   638887933    31           0            
1218         1765475454   638887934    0            0            
1007         1765475454   638887937    0            0            
2021         1765475454   638939182    28           27567776     
1008         1765475455   639183624    0            0            
1009         1765475455   639183628    1112000      0            
1215         1765475455   639183629    1112000      0            
1010         1765475455   639183640    0            0            
2021         1765475455   639185850    13596        27567824     
1018         1765475455   639392980    84           0            
1217         1765475455   639392992    31           0            
1218         1765475455   639392992    0            0            
1007         1765475455   639392995    0            0            
2021         1765475455   639445788    28           27567776     
1008         1765475455   639688685    0            0            
1009         1765475455   639688689    1112500      0            
1215         1765475455   639688690    1112500      0            
1010         1765475455   639688701    0            0            
2021         1765475455   639690832    13596        27567824     
1018         1765475455   639898073    85           0            
1217         1765475455   639898085    31           0            
1218         1765475455   639898086    0            0            
1007         1765475455   639898089    0            0            
2021         1765475455   639941936    28           27567776     
1008         1765475456   640193784    0            0            
1009         1765475456   640193789    1113000      0            
1215         1765475456   640193789    1113000      0            
1010         1765475456   640193800    0            0            
2021         1765475456   640195957    13596        27567824     
1018         1765475456   640402994    86           0            
1217         1765475456   640403006    31           0            
1218         1765475456   640403006    0            0            
1007         1765475456   640403009    0            0            
2021         1765475456   640445134    28           27567776     
1008         1765475456   640698697    0            0            
1009         1765475456   640698701    1113500      0            
1215         1765475456   640698702    1113500      0            
1010         1765475456   640698713    0            0            
2021         1765475456   640700923    13596        27567824     
1018         1765475456   640908175    87           0            
1217         1765475456   640908187    31           0            
1218         1765475456   640908187    0            0            
1007         1765475456   640908190    0            0            
2021         1765475456   640952725    28           27567776     
1008         1765475457   641203881    0            0            
1009         1765475457   641203885    1114000      0            
1215         1765475457   641203886    1114000      0            
1010         1765475457   641203897    0            0            
2021         1765475457   641254614    13596        27567824     
1018         1765475457   641413225    88           0            
1217         1765475457   641413237    31           0            
1218         1765475457   641413238    0            0            
1007         1765475457   641413240    0            0            
2021         1765475457   641457088    28           27567776     
1008         1765475457   641708930    0            0            
1009         1765475457   641708934    1114500      0            
1215         1765475457   641708935    1114500      0            
1010         1765475457   641708946    0            0            
2021         1765475457   641711081    13596        27567824     
1018         1765475457   641918085    89           0            
1217         1765475457   641918097    31           0            
1218         1765475457   641918098    0            0            
1007         1765475457   641918101    0            0            
2021         1765475457   641958507    28           27567776     
1008         1765475458   642213792    0            0            
1009         1765475458   642213796    1115000      0            
1215         1765475458   642213797    1115000      0            
1010         1765475458   642213808    0            0            
2021         1765475458   642215924    13596        27567824     
1018         1765475458   642423240    90           0            
1217         1765475458   642423252    31           0            
1218         1765475458   642423253    0            0            
1007         1765475458   642423256    0            0            
2021         1765475458   642465897    28           27567776     
1008         1765475458   642718944    0            0            
1009         1765475458   642718948    1115500      0            
1215         1765475458   642718949    1115500      0            
1010         1765475458   642718960    0            0            
2021         1765475458   642721143    13596        27567824     
1018         1765475458   642928364    91           0            
1217         1765475458   642928376    31           0            
1218         1765475458   642928377    0            0            
1007         1765475458   642928380    0            0            
2021         1765475458   642971023    28           27567776     
1008         1765475459   643224071    0            0            
1009         1765475459   643224075    1116000      0            
1215         1765475459   643224076    1116000      0            
1010         1765475459   643224087    0            0            
2021         1765475459   643226140    13596        27567824     
1018         1765475459   643433376    92           0            
1217         1765475459   643433388    31           0            
1218         1765475459   643433388    0            0            
1007         1765475459   643433391    0            0            
2021         1765475459   643478787    28           27567776     
1008         1765475459   643729081    0            0            
1009         1765475459   643729085    1116500      0            
1215         1765475459   643729086    1116500      0            
1010         1765475459   643729097    0            0            
2021         1765475459   643731204    13596        27567824     
1018         1765475459   643938426    93           0            
1217         1765475459   643938438    31           0            
1218         1765475459   643938438    0            0            
1007         1765475459   643938441    0            0            
2021         1765475459   643984868    28           27567776     
1008         1765475460   644234130    0            0            
1009         1765475460   644234134    1117000      0            
1215         1765475460   644234135    1117000      0            
1010         1765475460   644234146    0            0            
2021         1765475460   644236252    13596        27567824     
1018         1765475460   644443517    94           0            
1217         1765475460   644443529    31           0            
1218         1765475460   644443529    0            0            
1007         1765475460   644443532    0            0            
2021         1765475460   644491850    28           27567776     
1008         1765475460   644739219    0            0            
1009         1765475460   644739223    1117500      0            
1215         1765475460   644739224    1117500      0            
1010         1765475460   644739235    0            0            
2021         1765475460   644741523    13596        27567824     
1018         1765475460   644948595    95           0            
1217         1765475460   644948606    31           0            
1218         1765475460   644948607    0            0            
1007         1765475460   644948610    0            0            
2021         1765475460   644998999    28           27567776     
1008         1765475461   645244309    0            0            
1009         1765475461   645244313    1118000      0            
1215         1765475461   645244314    1118000      0            
1010         1765475461   645244325    0            0            
2021         1765475461   645246509    13596        27567824     
1018         1765475461   645453584    96           0            
1217         1765475461   645453596    31           0            
1218         1765475461   645453596    0            0            
1007         1765475461   645453599    0            0            
2021         1765475461   645508800    28           27567776     
1008         1765475461   645749287    0            0            
1009         1765475461   645749292    1118500      0            
1215         1765475461   645749292    1118500      0            
1010         1765475461   645749303    0            0            
2021         1765475461   645751539    13596        27567824     
1018         1765475461   645958532    97           0            
1217         1765475461   645958544    31           0            
1218         1765475461   645958544    0            0            
1007         1765475461   645958547    0            0            
2021         1765475461   646004114    28           27567776     
1008         1765475462   646254241    0            0            
1009         1765475462   646254245    1119000      0            
1215         1765475462   646254245    1119000      0            
1010         1765475462   646254256    0            0            
2021         1765475462   646308401    13596        27567824     
1018         1765475462   646463696    98           0            
1217         1765475462   646463708    31           0            
1218         1765475462   646463708    0            0            
1007         1765475462   646463711    0            0            
2021         1765475462   646513408    28           27567776     
1008         1765475462   646759402    0            0            
1009         1765475462   646759406    1119500      0            
1215         1765475462   646759407    1119500      0            
1010         1765475462   646759418    0            0            
2021         1765475462   646761583    13596        27567824     
1018         1765475462   646968810    99           0            
1217         1765475462   646968821    31           0            
1218         1765475462   646968822    0            0            
1007         1765475462   646968825    0            0            
2021         1765475462   647010263    28           27567776     
1008         1765475463   647264515    0            0            
1009         1765475463   647264519    1120000      0            
1215         1765475463   647264519    1120000      0            
1010         1765475463   647264530    0            0            
2021         1765475463   647266637    13596        27567824     
1018         1765475463   647473867    100          0            
1217         1765475463   647473879    31           0            
1218         1765475463   647473879    0            0            
1007         1765475463   647473882    0            0            
2021         1765475463   647521512    28           27567776     
1008         1765475463   647769571    0            0            
1009         1765475463   647769576    1120500      0            
1215         1765475463   647769576    1120500      0            
1010         1765475463   647769587    0            0            
2021         1765475463   647771700    13596        27567824     
1018         1765475463   647978860    101          0            
1217         1765475463   647978871    31           0            
1218         1765475463   647978872    0            0            
1007         1765475463   647978875    0            0            
2021         1765475463   648026685    28           27567776     
1008         1765475464   648274570    0            0            
1009         1765475464   648274574    1121000      0            
1215         1765475464   648274575    1121000      0            
1010         1765475464   648274586    0            0            
2021         1765475464   648276664    13596        27567824     
1018         1765475464   648483862    102          0            
1217         1765475464   648483874    31           0            
1218         1765475464   648483874    0            0            
1007         1765475464   648483877    0            0            
2021         1765475464   648529790    28           27567776     
1008         1765475464   648779570    0            0            
1009         1765475464   648779574    1121500      0            
1215         1765475464   648779575    1121500      0            
1010         1765475464   648779586    0            0            
2021         1765475464   648781593    13596        27567824     
1018         1765475464   648988897    103          0            
1217         1765475464   648988909    31           0            
1218         1765475464   648988910    0            0            
1007         1765475464   648988912    0            0            
2021         1765475464   649033963    28           27567776     
1008         1765475465   649284597    0            0            
1009         1765475465   649284601    1122000      0            
1215         1765475465   649284602    1122000      0            
1010         1765475465   649284613    0            0            
2021         1765475465   649286694    13596        27567824     
1018         1765475465   649494015    104          0            
1217         1765475465   649494027    31           0            
1218         1765475465   649494028    0            0            
1007         1765475465   649494030    0            0            
2021         1765475465   649539943    28           27567776     
1008         1765475465   649789724    0            0            
1009         1765475465   649789729    1122500      0            
1215         1765475465   649789729    1122500      0            
1010         1765475465   649789740    0            0            
2021         1765475465   649791820    13596        27567824     
1018         1765475465   649999095    105          0            
1217         1765475465   649999106    31           0            
1218         1765475465   649999107    0            0            
1007         1765475465   649999110    0            0            
2021         1765475465   650045711    28           27567776     
1008         1765475466   650294806    0            0            
1009         1765475466   650294810    1123000      0            
1215         1765475466   650294811    1123000      0            
1010         1765475466   650294822    0            0            
2021         1765475466   650296933    13596        27567824     
1018         1765475466   650504094    106          0            
1217         1765475466   650504106    31           0            
1218         1765475466   650504107    0            0            
1007         1765475466   650504109    0            0            
2021         1765475466   650550193    28           27567776     
1008         1765475466   650799799    0            0            
1009         1765475466   650799803    1123500      0            
1215         1765475466   650799804    1123500      0            
1010         1765475466   650799815    0            0            
2021         1765475466   650801950    13596        27567824     
1018         1765475466   651009147    107          0            
1217         1765475466   651009159    31           0            
1218         1765475466   651009160    0            0            
1007         1765475466   651009162    0            0            
2021         1765475466   651064191    28           27567776     
1008         1765475467   651304849    0            0            
1009         1765475467   651304853    1124000      0            
1215         1765475467   651304853    1124000      0            
1010         1765475467   651304864    0            0            
2021         1765475467   651348378    13596        27567824     
1018         1765475467   651514160    108          0            
1217         1765475467   651514172    31           0            
1218         1765475467   651514173    0            0            
1007         1765475467   651514175    0            0            
2021         1765475467   651567827    28           27567776     
1008         1765475467   651809861    0            0            
1009         1765475467   651809865    1124500      0            
1215         1765475467   651809866    1124500      0            
1010         1765475467   651809877    0            0            
2021         1765475467   651811958    13596        27567824     
1018         1765475467   652019129    109          0            
1217         1765475467   652019140    31           0            
1218         1765475467   652019141    0            0            
1007         1765475467   652019144    0            0            
2021         1765475467   652062994    28           27567776     
1008         1765475468   652314837    0            0            
1009         1765475468   652314841    1125000      0            
1215         1765475468   652314841    1125000      0            
1010         1765475468   652314852    0            0            
2021         1765475468   652316856    13596        27567824     
1018         1765475468   652524287    110          0            
1217         1765475468   652524299    31           0            
1218         1765475468   652524300    0            0            
1007         1765475468   652524303    0            0            
2021         1765475468   652566946    28           27567776     
1008         1765475468   652819989    0            0            
1009         1765475468   652819994    1125500      0            
1215         1765475468   652819994    1125500      0            
1010         1765475468   652820005    0            0            
2021         1765475468   652822093    13596        27567824     
1018         1765475468   653029379    111          0            
1217         1765475468   653029390    31           0            
1218         1765475468   653029391    0            0            
1007         1765475468   653029394    0            0            
2021         1765475468   653069628    28           27567776     
1008         1765475469   653325083    0            0            
1009         1765475469   653325087    1126000      0            
1215         1765475469   653325088    1126000      0            
1010         1765475469   653325099    0            0            
2021         1765475469   653327101    13596        27567824     
1018         1765475469   653534367    112          0            
1217         1765475469   653534378    31           0            
1218         1765475469   653534379    0            0            
1007         1765475469   653534382    0            0            
2021         1765475469   653581325    28           27567776     
1008         1765475469   653830072    0            0            
1009         1765475469   653830076    1126500      0            
1215         1765475469   653830077    1126500      0            
1010         1765475469   653830088    0            0            
2021         1765475469   653832170    13596        27567824     
1018         1765475469   654039476    113          0            
1217         1765475469   654039488    31           0            
1218         1765475469   654039489    0            0            
1007         1765475469   654039491    0            0            
2021         1765475469   654089015    28           27567776     
1008         1765475470   654335181    0            0            
1009         1765475470   654335185    1127000      0            
1215         1765475470   654335186    1127000      0            
1010         1765475470   654335197    0            0            
2021         1765475470   654337304    13596        27567824     
1018         1765475470   654544571    114          0            
1217         1765475470   654544583    31           0            
1218         1765475470   654544584    0            0            
1007         1765475470   654544587    0            0            
2021         1765475470   654594627    28           27567776     
1008         1765475470   654840273    0            0            
1009         1765475470   654840277    1127500      0            
1215         1765475470   654840278    1127500      0            
1010         1765475470   654840288    0            0            
2021         1765475470   654897051    13596        27567824     
1018         1765475470   655049594    115          0            
1217         1765475470   655049606    31           0            
1218         1765475470   655049606    0            0            
1007         1765475470   655049609    0            0            
2021         1765475470   655102920    28           27567776     
1008         1765475471   655345298    0            0            
1009         1765475471   655345302    1128000      0            
1215         1765475471   655345303    1128000      0            
1010         1765475471   655345314    0            0            
2021         1765475471   655391403    13596        27567824     
1018         1765475471   655554609    116          0            
1217         1765475471   655554621    31           0            
1218         1765475471   655554621    0            0            
1007         1765475471   655554624    0            0            
2021         1765475471   655610857    28           27567776     
1008         1765475471   655850310    0            0            
1009         1765475471   655850314    1128500      0            
1215         1765475471   655850314    1128500      0            
1010         1765475471   655850325    0            0            
2021         1765475471   655852464    13596        27567824     
1018         1765475471   656059739    117          0            
1217         1765475471   656059751    31           0            
1218         1765475471   656059751    0            0            
1007         1765475471   656059754    0            0            
2021         1765475471   656104462    28           27567776     
1008         1765475472   656355445    0            0            
1009         1765475472   656355449    1129000      0            
1215         1765475472   656355450    1129000      0            
1010         1765475472   656355461    0            0            
2021         1765475472   656409351    13596        27567824     
1018         1765475472   656564744    118          0            
1217         1765475472   656564756    31           0            
1218         1765475472   656564756    0            0            
1007         1765475472   656564759    0            0            
2021         1765475472   656615315    28           27567776     
1008         1765475472   656860447    0            0            
1009         1765475472   656860451    1129500      0            
1215         1765475472   656860452    1129500      0            
1010         1765475472   656860462    0            0            
2021         1765475472   656862646    13596        27567824     
1018         1765475472   657069823    119          0            
1217         1765475472   657069835    31           0            
1218         1765475472   657069835    0            0            
1007         1765475472   657069838    0            0            
2021         1765475472   657123664    28           27567776     
1008         1765475473   657365525    0            0            
1009         1765475473   657365529    1130000      0            
1215         1765475473   657365530    1130000      0            
1010         1765475473   657365541    0            0            
2021         1765475473   657409895    13596        27567824     
1018         1765475473   657574755    120          0            
1217         1765475473   657574767    31           0            
1218         1765475473   657574768    0            0            
1007         1765475473   657574770    0            0            
2021         1765475473   657629800    28           27567776     
1008         1765475473   657870458    0            0            
1010         1765475473   657870463    0            0            
2021         1765475473   657872651    13596        27567824     
50001        1            1436502      0            0            
50002        1764777195   3996673270   4875         0            
50003        1            1436503      0            0            
50004        1            1436503      0            0            
